21 21
0.0    0.0    0.0    0.0    0.0    0.0    0.0    0.25    0.252    0.253    0.253    0.253    0.252    0.25    0.0    0.0    0.0    0.0    0.0    0.0    0.0    
0.0    0.0    0.0    0.0    0.0    0.251    0.254    0.257    0.259    0.26    0.261    0.26    0.259    0.257    0.254    0.251    0.0    0.0    0.0    0.0    0.0    
0.0    0.0    0.0    0.0    0.253    0.257    0.261    0.265    0.267    0.269    0.27    0.269    0.267    0.265    0.261    0.257    0.253    0.0    0.0    0.0    0.0    
0.0    0.0    0.0    0.254    0.259    0.264    0.269    0.273    0.277    0.279    0.28    0.279    0.277    0.273    0.269    0.264    0.259    0.254    0.0    0.0    0.0    
0.0    0.0    0.253    0.259    0.265    0.271    0.278    0.284    0.289    0.292    0.293    0.292    0.289    0.284    0.278    0.271    0.265    0.259    0.253    0.0    0.0    
0.0    0.251    0.257    0.264    0.271    0.279    0.288    0.296    0.303    0.308    0.31    0.308    0.303    0.296    0.288    0.279    0.271    0.264    0.257    0.251    0.0    
0.0    0.254    0.261    0.269    0.278    0.288    0.299    0.31    0.321    0.33    0.333    0.33    0.321    0.31    0.299    0.288    0.278    0.269    0.261    0.254    0.0    
0.25    0.257    0.265    0.273    0.284    0.296    0.31    0.327    0.345    0.362    0.369    0.362    0.345    0.327    0.31    0.296    0.284    0.273    0.265    0.257    0.25    
0.252    0.259    0.267    0.277    0.289    0.303    0.321    0.345    0.377    0.416    0.439    0.416    0.377    0.345    0.321    0.303    0.289    0.277    0.267    0.259    0.252    
0.253    0.26    0.269    0.279    0.292    0.308    0.33    0.362    0.416    0.547    0.0    0.547    0.416    0.362    0.33    0.308    0.292    0.279    0.269    0.26    0.253    
0.253    0.261    0.27    0.28    0.293    0.31    0.333    0.369    0.439    0.0    0.0    0.0    0.439    0.369    0.333    0.31    0.293    0.28    0.27    0.261    0.253    
0.253    0.26    0.269    0.279    0.292    0.308    0.33    0.362    0.416    0.547    0.0    0.547    0.416    0.362    0.33    0.308    0.292    0.279    0.269    0.26    0.253    
0.252    0.259    0.267    0.277    0.289    0.303    0.321    0.345    0.377    0.416    0.439    0.416    0.377    0.345    0.321    0.303    0.289    0.277    0.267    0.259    0.252    
0.25    0.257    0.265    0.273    0.284    0.296    0.31    0.327    0.345    0.362    0.369    0.362    0.345    0.327    0.31    0.296    0.284    0.273    0.265    0.257    0.25    
0.0    0.254    0.261    0.269    0.278    0.288    0.299    0.31    0.321    0.33    0.333    0.33    0.321    0.31    0.299    0.288    0.278    0.269    0.261    0.254    0.0    
0.0    0.251    0.257    0.264    0.271    0.279    0.288    0.296    0.303    0.308    0.31    0.308    0.303    0.296    0.288    0.279    0.271    0.264    0.257    0.251    0.0    
0.0    0.0    0.253    0.259    0.265    0.271    0.278    0.284    0.289    0.292    0.293    0.292    0.289    0.284    0.278    0.271    0.265    0.259    0.253    0.0    0.0    
0.0    0.0    0.0    0.254    0.259    0.264    0.269    0.273    0.277    0.279    0.28    0.279    0.277    0.273    0.269    0.264    0.259    0.254    0.0    0.0    0.0    
0.0    0.0    0.0    0.0    0.253    0.257    0.261    0.265    0.267    0.269    0.27    0.269    0.267    0.265    0.261    0.257    0.253    0.0    0.0    0.0    0.0    
0.0    0.0    0.0    0.0    0.0    0.251    0.254    0.257    0.259    0.26    0.261    0.26    0.259    0.257    0.254    0.251    0.0    0.0    0.0    0.0    0.0    
0.0    0.0    0.0    0.0    0.0    0.0    0.0    0.25    0.252    0.253    0.253    0.253    0.252    0.25    0.0    0.0    0.0    0.0    0.0    0.0    0.0    