61 61
0.0    0.0    0.0    0.0    0.0    0.0    0.0    0.0    0.0    0.0    0.0    0.0    0.0    0.0    0.0    0.0    0.0    0.0    0.0    0.0    0.0    0.0    0.0    0.0    0.0    0.012    0.012    0.012    0.012    0.012    0.012    0.012    0.012    0.012    0.012    0.012    0.0    0.0    0.0    0.0    0.0    0.0    0.0    0.0    0.0    0.0    0.0    0.0    0.0    0.0    0.0    0.0    0.0    0.0    0.0    0.0    0.0    0.0    0.0    0.0    0.0    
0.0    0.0    0.0    0.0    0.0    0.0    0.0    0.0    0.0    0.0    0.0    0.0    0.0    0.0    0.0    0.0    0.0    0.0    0.0    0.0    0.0    0.012    0.012    0.013    0.013    0.013    0.013    0.013    0.013    0.013    0.013    0.013    0.013    0.013    0.013    0.013    0.013    0.013    0.012    0.012    0.0    0.0    0.0    0.0    0.0    0.0    0.0    0.0    0.0    0.0    0.0    0.0    0.0    0.0    0.0    0.0    0.0    0.0    0.0    0.0    0.0    
0.0    0.0    0.0    0.0    0.0    0.0    0.0    0.0    0.0    0.0    0.0    0.0    0.0    0.0    0.0    0.0    0.0    0.0    0.012    0.012    0.013    0.013    0.013    0.013    0.013    0.013    0.013    0.013    0.013    0.013    0.013    0.013    0.013    0.013    0.013    0.013    0.013    0.013    0.013    0.013    0.013    0.012    0.012    0.0    0.0    0.0    0.0    0.0    0.0    0.0    0.0    0.0    0.0    0.0    0.0    0.0    0.0    0.0    0.0    0.0    0.0    
0.0    0.0    0.0    0.0    0.0    0.0    0.0    0.0    0.0    0.0    0.0    0.0    0.0    0.0    0.0    0.0    0.012    0.012    0.013    0.013    0.013    0.013    0.013    0.014    0.014    0.014    0.014    0.014    0.014    0.014    0.014    0.014    0.014    0.014    0.014    0.014    0.014    0.014    0.013    0.013    0.013    0.013    0.013    0.012    0.012    0.0    0.0    0.0    0.0    0.0    0.0    0.0    0.0    0.0    0.0    0.0    0.0    0.0    0.0    0.0    0.0    
0.0    0.0    0.0    0.0    0.0    0.0    0.0    0.0    0.0    0.0    0.0    0.0    0.0    0.0    0.0    0.012    0.013    0.013    0.013    0.013    0.014    0.014    0.014    0.014    0.014    0.014    0.014    0.015    0.015    0.015    0.015    0.015    0.015    0.015    0.014    0.014    0.014    0.014    0.014    0.014    0.014    0.013    0.013    0.013    0.013    0.012    0.0    0.0    0.0    0.0    0.0    0.0    0.0    0.0    0.0    0.0    0.0    0.0    0.0    0.0    0.0    
0.0    0.0    0.0    0.0    0.0    0.0    0.0    0.0    0.0    0.0    0.0    0.0    0.0    0.012    0.013    0.013    0.013    0.013    0.014    0.014    0.014    0.014    0.014    0.015    0.015    0.015    0.015    0.015    0.015    0.015    0.015    0.015    0.015    0.015    0.015    0.015    0.015    0.015    0.014    0.014    0.014    0.014    0.014    0.013    0.013    0.013    0.013    0.012    0.0    0.0    0.0    0.0    0.0    0.0    0.0    0.0    0.0    0.0    0.0    0.0    0.0    
0.0    0.0    0.0    0.0    0.0    0.0    0.0    0.0    0.0    0.0    0.0    0.0    0.012    0.013    0.013    0.013    0.014    0.014    0.014    0.014    0.015    0.015    0.015    0.015    0.015    0.016    0.016    0.016    0.016    0.016    0.016    0.016    0.016    0.016    0.016    0.016    0.015    0.015    0.015    0.015    0.015    0.014    0.014    0.014    0.014    0.013    0.013    0.013    0.012    0.0    0.0    0.0    0.0    0.0    0.0    0.0    0.0    0.0    0.0    0.0    0.0    
0.0    0.0    0.0    0.0    0.0    0.0    0.0    0.0    0.0    0.0    0.012    0.013    0.013    0.013    0.013    0.014    0.014    0.014    0.015    0.015    0.015    0.016    0.016    0.016    0.016    0.016    0.017    0.017    0.017    0.017    0.017    0.017    0.017    0.017    0.017    0.016    0.016    0.016    0.016    0.016    0.015    0.015    0.015    0.014    0.014    0.014    0.013    0.013    0.013    0.013    0.012    0.0    0.0    0.0    0.0    0.0    0.0    0.0    0.0    0.0    0.0    
0.0    0.0    0.0    0.0    0.0    0.0    0.0    0.0    0.0    0.012    0.013    0.013    0.013    0.014    0.014    0.014    0.015    0.015    0.015    0.016    0.016    0.016    0.016    0.017    0.017    0.017    0.017    0.018    0.018    0.018    0.018    0.018    0.018    0.018    0.017    0.017    0.017    0.017    0.016    0.016    0.016    0.016    0.015    0.015    0.015    0.014    0.014    0.014    0.013    0.013    0.013    0.012    0.0    0.0    0.0    0.0    0.0    0.0    0.0    0.0    0.0    
0.0    0.0    0.0    0.0    0.0    0.0    0.0    0.0    0.012    0.013    0.013    0.013    0.014    0.014    0.014    0.015    0.015    0.016    0.016    0.016    0.017    0.017    0.017    0.018    0.018    0.018    0.018    0.018    0.019    0.019    0.019    0.019    0.019    0.018    0.018    0.018    0.018    0.018    0.017    0.017    0.017    0.016    0.016    0.016    0.015    0.015    0.014    0.014    0.014    0.013    0.013    0.013    0.012    0.0    0.0    0.0    0.0    0.0    0.0    0.0    0.0    
0.0    0.0    0.0    0.0    0.0    0.0    0.0    0.012    0.013    0.013    0.013    0.014    0.014    0.014    0.015    0.015    0.016    0.016    0.017    0.017    0.017    0.018    0.018    0.018    0.019    0.019    0.019    0.02    0.02    0.02    0.02    0.02    0.02    0.02    0.019    0.019    0.019    0.018    0.018    0.018    0.017    0.017    0.017    0.016    0.016    0.015    0.015    0.014    0.014    0.014    0.013    0.013    0.013    0.012    0.0    0.0    0.0    0.0    0.0    0.0    0.0    
0.0    0.0    0.0    0.0    0.0    0.0    0.0    0.013    0.013    0.013    0.014    0.014    0.015    0.015    0.015    0.016    0.016    0.017    0.017    0.018    0.018    0.019    0.019    0.02    0.02    0.02    0.02    0.021    0.021    0.021    0.021    0.021    0.021    0.021    0.02    0.02    0.02    0.02    0.019    0.019    0.018    0.018    0.017    0.017    0.016    0.016    0.015    0.015    0.015    0.014    0.014    0.013    0.013    0.013    0.0    0.0    0.0    0.0    0.0    0.0    0.0    
0.0    0.0    0.0    0.0    0.0    0.0    0.012    0.013    0.013    0.014    0.014    0.015    0.015    0.015    0.016    0.016    0.017    0.018    0.018    0.019    0.019    0.02    0.02    0.021    0.021    0.021    0.022    0.022    0.022    0.022    0.022    0.022    0.022    0.022    0.022    0.021    0.021    0.021    0.02    0.02    0.019    0.019    0.018    0.018    0.017    0.016    0.016    0.015    0.015    0.015    0.014    0.014    0.013    0.013    0.012    0.0    0.0    0.0    0.0    0.0    0.0    
0.0    0.0    0.0    0.0    0.0    0.012    0.013    0.013    0.014    0.014    0.014    0.015    0.015    0.016    0.017    0.017    0.018    0.018    0.019    0.02    0.02    0.021    0.021    0.022    0.022    0.023    0.023    0.024    0.024    0.024    0.024    0.024    0.024    0.024    0.023    0.023    0.022    0.022    0.021    0.021    0.02    0.02    0.019    0.018    0.018    0.017    0.017    0.016    0.015    0.015    0.014    0.014    0.014    0.013    0.013    0.012    0.0    0.0    0.0    0.0    0.0    
0.0    0.0    0.0    0.0    0.0    0.013    0.013    0.013    0.014    0.014    0.015    0.015    0.016    0.017    0.017    0.018    0.018    0.019    0.02    0.02    0.021    0.022    0.023    0.023    0.024    0.024    0.025    0.025    0.026    0.026    0.026    0.026    0.026    0.025    0.025    0.024    0.024    0.023    0.023    0.022    0.021    0.02    0.02    0.019    0.018    0.018    0.017    0.017    0.016    0.015    0.015    0.014    0.014    0.013    0.013    0.013    0.0    0.0    0.0    0.0    0.0    
0.0    0.0    0.0    0.0    0.012    0.013    0.013    0.014    0.014    0.015    0.015    0.016    0.016    0.017    0.018    0.018    0.019    0.02    0.021    0.022    0.022    0.023    0.024    0.025    0.026    0.026    0.027    0.027    0.028    0.028    0.028    0.028    0.028    0.027    0.027    0.026    0.026    0.025    0.024    0.023    0.022    0.022    0.021    0.02    0.019    0.018    0.018    0.017    0.016    0.016    0.015    0.015    0.014    0.014    0.013    0.013    0.012    0.0    0.0    0.0    0.0    
0.0    0.0    0.0    0.012    0.013    0.013    0.014    0.014    0.015    0.015    0.016    0.016    0.017    0.018    0.018    0.019    0.02    0.021    0.022    0.023    0.024    0.025    0.026    0.027    0.028    0.028    0.029    0.03    0.03    0.03    0.031    0.03    0.03    0.03    0.029    0.028    0.028    0.027    0.026    0.025    0.024    0.023    0.022    0.021    0.02    0.019    0.018    0.018    0.017    0.016    0.016    0.015    0.015    0.014    0.014    0.013    0.013    0.012    0.0    0.0    0.0    
0.0    0.0    0.0    0.012    0.013    0.013    0.014    0.014    0.015    0.016    0.016    0.017    0.018    0.018    0.019    0.02    0.021    0.022    0.023    0.024    0.025    0.026    0.027    0.029    0.03    0.031    0.032    0.033    0.033    0.034    0.034    0.034    0.033    0.033    0.032    0.031    0.03    0.029    0.027    0.026    0.025    0.024    0.023    0.022    0.021    0.02    0.019    0.018    0.018    0.017    0.016    0.016    0.015    0.014    0.014    0.013    0.013    0.012    0.0    0.0    0.0    
0.0    0.0    0.012    0.013    0.013    0.014    0.014    0.015    0.015    0.016    0.017    0.017    0.018    0.019    0.02    0.021    0.022    0.023    0.024    0.025    0.027    0.028    0.029    0.031    0.032    0.034    0.035    0.036    0.037    0.037    0.037    0.037    0.037    0.036    0.035    0.034    0.032    0.031    0.029    0.028    0.027    0.025    0.024    0.023    0.022    0.021    0.02    0.019    0.018    0.017    0.017    0.016    0.015    0.015    0.014    0.014    0.013    0.013    0.012    0.0    0.0    
0.0    0.0    0.012    0.013    0.013    0.014    0.014    0.015    0.016    0.016    0.017    0.018    0.019    0.02    0.02    0.022    0.023    0.024    0.025    0.027    0.028    0.03    0.032    0.034    0.035    0.037    0.039    0.04    0.041    0.042    0.042    0.042    0.041    0.04    0.039    0.037    0.035    0.034    0.032    0.03    0.028    0.027    0.025    0.024    0.023    0.022    0.02    0.02    0.019    0.018    0.017    0.016    0.016    0.015    0.014    0.014    0.013    0.013    0.012    0.0    0.0    
0.0    0.0    0.013    0.013    0.014    0.014    0.015    0.015    0.016    0.017    0.017    0.018    0.019    0.02    0.021    0.022    0.024    0.025    0.027    0.028    0.03    0.032    0.034    0.037    0.039    0.041    0.043    0.045    0.047    0.048    0.048    0.048    0.047    0.045    0.043    0.041    0.039    0.037    0.034    0.032    0.03    0.028    0.027    0.025    0.024    0.022    0.021    0.02    0.019    0.018    0.017    0.017    0.016    0.015    0.015    0.014    0.014    0.013    0.013    0.0    0.0    
0.0    0.012    0.013    0.013    0.014    0.014    0.015    0.016    0.016    0.017    0.018    0.019    0.02    0.021    0.022    0.023    0.025    0.026    0.028    0.03    0.032    0.035    0.037    0.04    0.043    0.046    0.049    0.052    0.054    0.056    0.056    0.056    0.054    0.052    0.049    0.046    0.043    0.04    0.037    0.035    0.032    0.03    0.028    0.026    0.025    0.023    0.022    0.021    0.02    0.019    0.018    0.017    0.016    0.016    0.015    0.014    0.014    0.013    0.013    0.012    0.0    
0.0    0.012    0.013    0.013    0.014    0.014    0.015    0.016    0.016    0.017    0.018    0.019    0.02    0.021    0.023    0.024    0.026    0.027    0.029    0.032    0.034    0.037    0.04    0.044    0.048    0.052    0.057    0.061    0.064    0.066    0.067    0.066    0.064    0.061    0.057    0.052    0.048    0.044    0.04    0.037    0.034    0.032    0.029    0.027    0.026    0.024    0.023    0.021    0.02    0.019    0.018    0.017    0.016    0.016    0.015    0.014    0.014    0.013    0.013    0.012    0.0    
0.0    0.013    0.013    0.014    0.014    0.015    0.015    0.016    0.017    0.018    0.018    0.02    0.021    0.022    0.023    0.025    0.027    0.029    0.031    0.034    0.037    0.04    0.044    0.049    0.054    0.06    0.066    0.073    0.079    0.083    0.084    0.083    0.079    0.073    0.066    0.06    0.054    0.049    0.044    0.04    0.037    0.034    0.031    0.029    0.027    0.025    0.023    0.022    0.021    0.02    0.018    0.018    0.017    0.016    0.015    0.015    0.014    0.014    0.013    0.013    0.0    
0.0    0.013    0.013    0.014    0.014    0.015    0.015    0.016    0.017    0.018    0.019    0.02    0.021    0.022    0.024    0.026    0.028    0.03    0.032    0.035    0.039    0.043    0.048    0.054    0.061    0.07    0.08    0.091    0.101    0.109    0.112    0.109    0.101    0.091    0.08    0.07    0.061    0.054    0.048    0.043    0.039    0.035    0.032    0.03    0.028    0.026    0.024    0.022    0.021    0.02    0.019    0.018    0.017    0.016    0.015    0.015    0.014    0.014    0.013    0.013    0.0    
0.012    0.013    0.013    0.014    0.014    0.015    0.016    0.016    0.017    0.018    0.019    0.02    0.021    0.023    0.024    0.026    0.028    0.031    0.034    0.037    0.041    0.046    0.052    0.06    0.07    0.083    0.099    0.119    0.141    0.16    0.168    0.16    0.141    0.119    0.099    0.083    0.07    0.06    0.052    0.046    0.041    0.037    0.034    0.031    0.028    0.026    0.024    0.023    0.021    0.02    0.019    0.018    0.017    0.016    0.016    0.015    0.014    0.014    0.013    0.013    0.012    
0.012    0.013    0.013    0.014    0.014    0.015    0.016    0.017    0.017    0.018    0.019    0.02    0.022    0.023    0.025    0.027    0.029    0.032    0.035    0.039    0.043    0.049    0.057    0.066    0.08    0.099    0.127    0.168    0.229    0.3    0.336    0.3    0.229    0.168    0.127    0.099    0.08    0.066    0.057    0.049    0.043    0.039    0.035    0.032    0.029    0.027    0.025    0.023    0.022    0.02    0.019    0.018    0.017    0.017    0.016    0.015    0.014    0.014    0.013    0.013    0.012    
0.012    0.013    0.013    0.014    0.015    0.015    0.016    0.017    0.018    0.018    0.02    0.021    0.022    0.024    0.025    0.027    0.03    0.033    0.036    0.04    0.045    0.052    0.061    0.073    0.091    0.119    0.168    0.271    0.556    2.073    0.0    2.073    0.556    0.271    0.168    0.119    0.091    0.073    0.061    0.052    0.045    0.04    0.036    0.033    0.03    0.027    0.025    0.024    0.022    0.021    0.02    0.018    0.018    0.017    0.016    0.015    0.015    0.014    0.013    0.013    0.012    
0.012    0.013    0.013    0.014    0.015    0.015    0.016    0.017    0.018    0.019    0.02    0.021    0.022    0.024    0.026    0.028    0.03    0.033    0.037    0.041    0.047    0.054    0.064    0.079    0.101    0.141    0.229    0.556    0.0    0.0    0.0    0.0    0.0    0.556    0.229    0.141    0.101    0.079    0.064    0.054    0.047    0.041    0.037    0.033    0.03    0.028    0.026    0.024    0.022    0.021    0.02    0.019    0.018    0.017    0.016    0.015    0.015    0.014    0.013    0.013    0.012    
0.012    0.013    0.013    0.014    0.015    0.015    0.016    0.017    0.018    0.019    0.02    0.021    0.022    0.024    0.026    0.028    0.03    0.034    0.037    0.042    0.048    0.056    0.066    0.083    0.109    0.16    0.3    2.073    0.0    0.0    0.0    0.0    0.0    2.073    0.3    0.16    0.109    0.083    0.066    0.056    0.048    0.042    0.037    0.034    0.03    0.028    0.026    0.024    0.022    0.021    0.02    0.019    0.018    0.017    0.016    0.015    0.015    0.014    0.013    0.013    0.012    
0.012    0.013    0.013    0.014    0.015    0.015    0.016    0.017    0.018    0.019    0.02    0.021    0.022    0.024    0.026    0.028    0.031    0.034    0.037    0.042    0.048    0.056    0.067    0.084    0.112    0.168    0.336    0.0    0.0    0.0    0.0    0.0    0.0    0.0    0.336    0.168    0.112    0.084    0.067    0.056    0.048    0.042    0.037    0.034    0.031    0.028    0.026    0.024    0.022    0.021    0.02    0.019    0.018    0.017    0.016    0.015    0.015    0.014    0.013    0.013    0.012    
0.012    0.013    0.013    0.014    0.015    0.015    0.016    0.017    0.018    0.019    0.02    0.021    0.022    0.024    0.026    0.028    0.03    0.034    0.037    0.042    0.048    0.056    0.066    0.083    0.109    0.16    0.3    2.073    0.0    0.0    0.0    0.0    0.0    2.073    0.3    0.16    0.109    0.083    0.066    0.056    0.048    0.042    0.037    0.034    0.03    0.028    0.026    0.024    0.022    0.021    0.02    0.019    0.018    0.017    0.016    0.015    0.015    0.014    0.013    0.013    0.012    
0.012    0.013    0.013    0.014    0.015    0.015    0.016    0.017    0.018    0.019    0.02    0.021    0.022    0.024    0.026    0.028    0.03    0.033    0.037    0.041    0.047    0.054    0.064    0.079    0.101    0.141    0.229    0.556    0.0    0.0    0.0    0.0    0.0    0.556    0.229    0.141    0.101    0.079    0.064    0.054    0.047    0.041    0.037    0.033    0.03    0.028    0.026    0.024    0.022    0.021    0.02    0.019    0.018    0.017    0.016    0.015    0.015    0.014    0.013    0.013    0.012    
0.012    0.013    0.013    0.014    0.015    0.015    0.016    0.017    0.018    0.018    0.02    0.021    0.022    0.024    0.025    0.027    0.03    0.033    0.036    0.04    0.045    0.052    0.061    0.073    0.091    0.119    0.168    0.271    0.556    2.073    0.0    2.073    0.556    0.271    0.168    0.119    0.091    0.073    0.061    0.052    0.045    0.04    0.036    0.033    0.03    0.027    0.025    0.024    0.022    0.021    0.02    0.018    0.018    0.017    0.016    0.015    0.015    0.014    0.013    0.013    0.012    
0.012    0.013    0.013    0.014    0.014    0.015    0.016    0.017    0.017    0.018    0.019    0.02    0.022    0.023    0.025    0.027    0.029    0.032    0.035    0.039    0.043    0.049    0.057    0.066    0.08    0.099    0.127    0.168    0.229    0.3    0.336    0.3    0.229    0.168    0.127    0.099    0.08    0.066    0.057    0.049    0.043    0.039    0.035    0.032    0.029    0.027    0.025    0.023    0.022    0.02    0.019    0.018    0.017    0.017    0.016    0.015    0.014    0.014    0.013    0.013    0.012    
0.012    0.013    0.013    0.014    0.014    0.015    0.016    0.016    0.017    0.018    0.019    0.02    0.021    0.023    0.024    0.026    0.028    0.031    0.034    0.037    0.041    0.046    0.052    0.06    0.07    0.083    0.099    0.119    0.141    0.16    0.168    0.16    0.141    0.119    0.099    0.083    0.07    0.06    0.052    0.046    0.041    0.037    0.034    0.031    0.028    0.026    0.024    0.023    0.021    0.02    0.019    0.018    0.017    0.016    0.016    0.015    0.014    0.014    0.013    0.013    0.012    
0.0    0.013    0.013    0.014    0.014    0.015    0.015    0.016    0.017    0.018    0.019    0.02    0.021    0.022    0.024    0.026    0.028    0.03    0.032    0.035    0.039    0.043    0.048    0.054    0.061    0.07    0.08    0.091    0.101    0.109    0.112    0.109    0.101    0.091    0.08    0.07    0.061    0.054    0.048    0.043    0.039    0.035    0.032    0.03    0.028    0.026    0.024    0.022    0.021    0.02    0.019    0.018    0.017    0.016    0.015    0.015    0.014    0.014    0.013    0.013    0.0    
0.0    0.013    0.013    0.014    0.014    0.015    0.015    0.016    0.017    0.018    0.018    0.02    0.021    0.022    0.023    0.025    0.027    0.029    0.031    0.034    0.037    0.04    0.044    0.049    0.054    0.06    0.066    0.073    0.079    0.083    0.084    0.083    0.079    0.073    0.066    0.06    0.054    0.049    0.044    0.04    0.037    0.034    0.031    0.029    0.027    0.025    0.023    0.022    0.021    0.02    0.018    0.018    0.017    0.016    0.015    0.015    0.014    0.014    0.013    0.013    0.0    
0.0    0.012    0.013    0.013    0.014    0.014    0.015    0.016    0.016    0.017    0.018    0.019    0.02    0.021    0.023    0.024    0.026    0.027    0.029    0.032    0.034    0.037    0.04    0.044    0.048    0.052    0.057    0.061    0.064    0.066    0.067    0.066    0.064    0.061    0.057    0.052    0.048    0.044    0.04    0.037    0.034    0.032    0.029    0.027    0.026    0.024    0.023    0.021    0.02    0.019    0.018    0.017    0.016    0.016    0.015    0.014    0.014    0.013    0.013    0.012    0.0    
0.0    0.012    0.013    0.013    0.014    0.014    0.015    0.016    0.016    0.017    0.018    0.019    0.02    0.021    0.022    0.023    0.025    0.026    0.028    0.03    0.032    0.035    0.037    0.04    0.043    0.046    0.049    0.052    0.054    0.056    0.056    0.056    0.054    0.052    0.049    0.046    0.043    0.04    0.037    0.035    0.032    0.03    0.028    0.026    0.025    0.023    0.022    0.021    0.02    0.019    0.018    0.017    0.016    0.016    0.015    0.014    0.014    0.013    0.013    0.012    0.0    
0.0    0.0    0.013    0.013    0.014    0.014    0.015    0.015    0.016    0.017    0.017    0.018    0.019    0.02    0.021    0.022    0.024    0.025    0.027    0.028    0.03    0.032    0.034    0.037    0.039    0.041    0.043    0.045    0.047    0.048    0.048    0.048    0.047    0.045    0.043    0.041    0.039    0.037    0.034    0.032    0.03    0.028    0.027    0.025    0.024    0.022    0.021    0.02    0.019    0.018    0.017    0.017    0.016    0.015    0.015    0.014    0.014    0.013    0.013    0.0    0.0    
0.0    0.0    0.012    0.013    0.013    0.014    0.014    0.015    0.016    0.016    0.017    0.018    0.019    0.02    0.02    0.022    0.023    0.024    0.025    0.027    0.028    0.03    0.032    0.034    0.035    0.037    0.039    0.04    0.041    0.042    0.042    0.042    0.041    0.04    0.039    0.037    0.035    0.034    0.032    0.03    0.028    0.027    0.025    0.024    0.023    0.022    0.02    0.02    0.019    0.018    0.017    0.016    0.016    0.015    0.014    0.014    0.013    0.013    0.012    0.0    0.0    
0.0    0.0    0.012    0.013    0.013    0.014    0.014    0.015    0.015    0.016    0.017    0.017    0.018    0.019    0.02    0.021    0.022    0.023    0.024    0.025    0.027    0.028    0.029    0.031    0.032    0.034    0.035    0.036    0.037    0.037    0.037    0.037    0.037    0.036    0.035    0.034    0.032    0.031    0.029    0.028    0.027    0.025    0.024    0.023    0.022    0.021    0.02    0.019    0.018    0.017    0.017    0.016    0.015    0.015    0.014    0.014    0.013    0.013    0.012    0.0    0.0    
0.0    0.0    0.0    0.012    0.013    0.013    0.014    0.014    0.015    0.016    0.016    0.017    0.018    0.018    0.019    0.02    0.021    0.022    0.023    0.024    0.025    0.026    0.027    0.029    0.03    0.031    0.032    0.033    0.033    0.034    0.034    0.034    0.033    0.033    0.032    0.031    0.03    0.029    0.027    0.026    0.025    0.024    0.023    0.022    0.021    0.02    0.019    0.018    0.018    0.017    0.016    0.016    0.015    0.014    0.014    0.013    0.013    0.012    0.0    0.0    0.0    
0.0    0.0    0.0    0.012    0.013    0.013    0.014    0.014    0.015    0.015    0.016    0.016    0.017    0.018    0.018    0.019    0.02    0.021    0.022    0.023    0.024    0.025    0.026    0.027    0.028    0.028    0.029    0.03    0.03    0.03    0.031    0.03    0.03    0.03    0.029    0.028    0.028    0.027    0.026    0.025    0.024    0.023    0.022    0.021    0.02    0.019    0.018    0.018    0.017    0.016    0.016    0.015    0.015    0.014    0.014    0.013    0.013    0.012    0.0    0.0    0.0    
0.0    0.0    0.0    0.0    0.012    0.013    0.013    0.014    0.014    0.015    0.015    0.016    0.016    0.017    0.018    0.018    0.019    0.02    0.021    0.022    0.022    0.023    0.024    0.025    0.026    0.026    0.027    0.027    0.028    0.028    0.028    0.028    0.028    0.027    0.027    0.026    0.026    0.025    0.024    0.023    0.022    0.022    0.021    0.02    0.019    0.018    0.018    0.017    0.016    0.016    0.015    0.015    0.014    0.014    0.013    0.013    0.012    0.0    0.0    0.0    0.0    
0.0    0.0    0.0    0.0    0.0    0.013    0.013    0.013    0.014    0.014    0.015    0.015    0.016    0.017    0.017    0.018    0.018    0.019    0.02    0.02    0.021    0.022    0.023    0.023    0.024    0.024    0.025    0.025    0.026    0.026    0.026    0.026    0.026    0.025    0.025    0.024    0.024    0.023    0.023    0.022    0.021    0.02    0.02    0.019    0.018    0.018    0.017    0.017    0.016    0.015    0.015    0.014    0.014    0.013    0.013    0.013    0.0    0.0    0.0    0.0    0.0    
0.0    0.0    0.0    0.0    0.0    0.012    0.013    0.013    0.014    0.014    0.014    0.015    0.015    0.016    0.017    0.017    0.018    0.018    0.019    0.02    0.02    0.021    0.021    0.022    0.022    0.023    0.023    0.024    0.024    0.024    0.024    0.024    0.024    0.024    0.023    0.023    0.022    0.022    0.021    0.021    0.02    0.02    0.019    0.018    0.018    0.017    0.017    0.016    0.015    0.015    0.014    0.014    0.014    0.013    0.013    0.012    0.0    0.0    0.0    0.0    0.0    
0.0    0.0    0.0    0.0    0.0    0.0    0.012    0.013    0.013    0.014    0.014    0.015    0.015    0.015    0.016    0.016    0.017    0.018    0.018    0.019    0.019    0.02    0.02    0.021    0.021    0.021    0.022    0.022    0.022    0.022    0.022    0.022    0.022    0.022    0.022    0.021    0.021    0.021    0.02    0.02    0.019    0.019    0.018    0.018    0.017    0.016    0.016    0.015    0.015    0.015    0.014    0.014    0.013    0.013    0.012    0.0    0.0    0.0    0.0    0.0    0.0    
0.0    0.0    0.0    0.0    0.0    0.0    0.0    0.013    0.013    0.013    0.014    0.014    0.015    0.015    0.015    0.016    0.016    0.017    0.017    0.018    0.018    0.019    0.019    0.02    0.02    0.02    0.02    0.021    0.021    0.021    0.021    0.021    0.021    0.021    0.02    0.02    0.02    0.02    0.019    0.019    0.018    0.018    0.017    0.017    0.016    0.016    0.015    0.015    0.015    0.014    0.014    0.013    0.013    0.013    0.0    0.0    0.0    0.0    0.0    0.0    0.0    
0.0    0.0    0.0    0.0    0.0    0.0    0.0    0.012    0.013    0.013    0.013    0.014    0.014    0.014    0.015    0.015    0.016    0.016    0.017    0.017    0.017    0.018    0.018    0.018    0.019    0.019    0.019    0.02    0.02    0.02    0.02    0.02    0.02    0.02    0.019    0.019    0.019    0.018    0.018    0.018    0.017    0.017    0.017    0.016    0.016    0.015    0.015    0.014    0.014    0.014    0.013    0.013    0.013    0.012    0.0    0.0    0.0    0.0    0.0    0.0    0.0    
0.0    0.0    0.0    0.0    0.0    0.0    0.0    0.0    0.012    0.013    0.013    0.013    0.014    0.014    0.014    0.015    0.015    0.016    0.016    0.016    0.017    0.017    0.017    0.018    0.018    0.018    0.018    0.018    0.019    0.019    0.019    0.019    0.019    0.018    0.018    0.018    0.018    0.018    0.017    0.017    0.017    0.016    0.016    0.016    0.015    0.015    0.014    0.014    0.014    0.013    0.013    0.013    0.012    0.0    0.0    0.0    0.0    0.0    0.0    0.0    0.0    
0.0    0.0    0.0    0.0    0.0    0.0    0.0    0.0    0.0    0.012    0.013    0.013    0.013    0.014    0.014    0.014    0.015    0.015    0.015    0.016    0.016    0.016    0.016    0.017    0.017    0.017    0.017    0.018    0.018    0.018    0.018    0.018    0.018    0.018    0.017    0.017    0.017    0.017    0.016    0.016    0.016    0.016    0.015    0.015    0.015    0.014    0.014    0.014    0.013    0.013    0.013    0.012    0.0    0.0    0.0    0.0    0.0    0.0    0.0    0.0    0.0    
0.0    0.0    0.0    0.0    0.0    0.0    0.0    0.0    0.0    0.0    0.012    0.013    0.013    0.013    0.013    0.014    0.014    0.014    0.015    0.015    0.015    0.016    0.016    0.016    0.016    0.016    0.017    0.017    0.017    0.017    0.017    0.017    0.017    0.017    0.017    0.016    0.016    0.016    0.016    0.016    0.015    0.015    0.015    0.014    0.014    0.014    0.013    0.013    0.013    0.013    0.012    0.0    0.0    0.0    0.0    0.0    0.0    0.0    0.0    0.0    0.0    
0.0    0.0    0.0    0.0    0.0    0.0    0.0    0.0    0.0    0.0    0.0    0.0    0.012    0.013    0.013    0.013    0.014    0.014    0.014    0.014    0.015    0.015    0.015    0.015    0.015    0.016    0.016    0.016    0.016    0.016    0.016    0.016    0.016    0.016    0.016    0.016    0.015    0.015    0.015    0.015    0.015    0.014    0.014    0.014    0.014    0.013    0.013    0.013    0.012    0.0    0.0    0.0    0.0    0.0    0.0    0.0    0.0    0.0    0.0    0.0    0.0    
0.0    0.0    0.0    0.0    0.0    0.0    0.0    0.0    0.0    0.0    0.0    0.0    0.0    0.012    0.013    0.013    0.013    0.013    0.014    0.014    0.014    0.014    0.014    0.015    0.015    0.015    0.015    0.015    0.015    0.015    0.015    0.015    0.015    0.015    0.015    0.015    0.015    0.015    0.014    0.014    0.014    0.014    0.014    0.013    0.013    0.013    0.013    0.012    0.0    0.0    0.0    0.0    0.0    0.0    0.0    0.0    0.0    0.0    0.0    0.0    0.0    
0.0    0.0    0.0    0.0    0.0    0.0    0.0    0.0    0.0    0.0    0.0    0.0    0.0    0.0    0.0    0.012    0.013    0.013    0.013    0.013    0.014    0.014    0.014    0.014    0.014    0.014    0.014    0.015    0.015    0.015    0.015    0.015    0.015    0.015    0.014    0.014    0.014    0.014    0.014    0.014    0.014    0.013    0.013    0.013    0.013    0.012    0.0    0.0    0.0    0.0    0.0    0.0    0.0    0.0    0.0    0.0    0.0    0.0    0.0    0.0    0.0    
0.0    0.0    0.0    0.0    0.0    0.0    0.0    0.0    0.0    0.0    0.0    0.0    0.0    0.0    0.0    0.0    0.012    0.012    0.013    0.013    0.013    0.013    0.013    0.014    0.014    0.014    0.014    0.014    0.014    0.014    0.014    0.014    0.014    0.014    0.014    0.014    0.014    0.014    0.013    0.013    0.013    0.013    0.013    0.012    0.012    0.0    0.0    0.0    0.0    0.0    0.0    0.0    0.0    0.0    0.0    0.0    0.0    0.0    0.0    0.0    0.0    
0.0    0.0    0.0    0.0    0.0    0.0    0.0    0.0    0.0    0.0    0.0    0.0    0.0    0.0    0.0    0.0    0.0    0.0    0.012    0.012    0.013    0.013    0.013    0.013    0.013    0.013    0.013    0.013    0.013    0.013    0.013    0.013    0.013    0.013    0.013    0.013    0.013    0.013    0.013    0.013    0.013    0.012    0.012    0.0    0.0    0.0    0.0    0.0    0.0    0.0    0.0    0.0    0.0    0.0    0.0    0.0    0.0    0.0    0.0    0.0    0.0    
0.0    0.0    0.0    0.0    0.0    0.0    0.0    0.0    0.0    0.0    0.0    0.0    0.0    0.0    0.0    0.0    0.0    0.0    0.0    0.0    0.0    0.012    0.012    0.013    0.013    0.013    0.013    0.013    0.013    0.013    0.013    0.013    0.013    0.013    0.013    0.013    0.013    0.013    0.012    0.012    0.0    0.0    0.0    0.0    0.0    0.0    0.0    0.0    0.0    0.0    0.0    0.0    0.0    0.0    0.0    0.0    0.0    0.0    0.0    0.0    0.0    
0.0    0.0    0.0    0.0    0.0    0.0    0.0    0.0    0.0    0.0    0.0    0.0    0.0    0.0    0.0    0.0    0.0    0.0    0.0    0.0    0.0    0.0    0.0    0.0    0.0    0.012    0.012    0.012    0.012    0.012    0.012    0.012    0.012    0.012    0.012    0.012    0.0    0.0    0.0    0.0    0.0    0.0    0.0    0.0    0.0    0.0    0.0    0.0    0.0    0.0    0.0    0.0    0.0    0.0    0.0    0.0    0.0    0.0    0.0    0.0    0.0    