61 61
0.0    0.0    0.0    0.0    0.0    0.0    0.0    0.0    0.0    0.0    0.0    0.0    0.0    0.0    0.0    0.0    0.0    0.0    0.0    0.0    0.0    0.0    0.0    0.0    0.0    0.024    0.024    0.024    0.024    0.024    0.024    0.024    0.024    0.024    0.024    0.024    0.0    0.0    0.0    0.0    0.0    0.0    0.0    0.0    0.0    0.0    0.0    0.0    0.0    0.0    0.0    0.0    0.0    0.0    0.0    0.0    0.0    0.0    0.0    0.0    0.0    
0.0    0.0    0.0    0.0    0.0    0.0    0.0    0.0    0.0    0.0    0.0    0.0    0.0    0.0    0.0    0.0    0.0    0.0    0.0    0.0    0.0    0.024    0.024    0.024    0.024    0.024    0.024    0.025    0.025    0.025    0.025    0.025    0.025    0.025    0.024    0.024    0.024    0.024    0.024    0.024    0.0    0.0    0.0    0.0    0.0    0.0    0.0    0.0    0.0    0.0    0.0    0.0    0.0    0.0    0.0    0.0    0.0    0.0    0.0    0.0    0.0    
0.0    0.0    0.0    0.0    0.0    0.0    0.0    0.0    0.0    0.0    0.0    0.0    0.0    0.0    0.0    0.0    0.0    0.0    0.024    0.024    0.024    0.024    0.025    0.025    0.025    0.025    0.025    0.025    0.025    0.025    0.025    0.025    0.025    0.025    0.025    0.025    0.025    0.025    0.025    0.024    0.024    0.024    0.024    0.0    0.0    0.0    0.0    0.0    0.0    0.0    0.0    0.0    0.0    0.0    0.0    0.0    0.0    0.0    0.0    0.0    0.0    
0.0    0.0    0.0    0.0    0.0    0.0    0.0    0.0    0.0    0.0    0.0    0.0    0.0    0.0    0.0    0.0    0.024    0.024    0.024    0.025    0.025    0.025    0.025    0.025    0.025    0.025    0.025    0.026    0.026    0.026    0.026    0.026    0.026    0.026    0.025    0.025    0.025    0.025    0.025    0.025    0.025    0.025    0.024    0.024    0.024    0.0    0.0    0.0    0.0    0.0    0.0    0.0    0.0    0.0    0.0    0.0    0.0    0.0    0.0    0.0    0.0    
0.0    0.0    0.0    0.0    0.0    0.0    0.0    0.0    0.0    0.0    0.0    0.0    0.0    0.0    0.0    0.024    0.024    0.025    0.025    0.025    0.025    0.025    0.025    0.026    0.026    0.026    0.026    0.026    0.026    0.026    0.026    0.026    0.026    0.026    0.026    0.026    0.026    0.026    0.025    0.025    0.025    0.025    0.025    0.025    0.024    0.024    0.0    0.0    0.0    0.0    0.0    0.0    0.0    0.0    0.0    0.0    0.0    0.0    0.0    0.0    0.0    
0.0    0.0    0.0    0.0    0.0    0.0    0.0    0.0    0.0    0.0    0.0    0.0    0.0    0.024    0.024    0.025    0.025    0.025    0.025    0.025    0.026    0.026    0.026    0.026    0.026    0.026    0.027    0.027    0.027    0.027    0.027    0.027    0.027    0.027    0.027    0.026    0.026    0.026    0.026    0.026    0.026    0.025    0.025    0.025    0.025    0.025    0.024    0.024    0.0    0.0    0.0    0.0    0.0    0.0    0.0    0.0    0.0    0.0    0.0    0.0    0.0    
0.0    0.0    0.0    0.0    0.0    0.0    0.0    0.0    0.0    0.0    0.0    0.0    0.024    0.024    0.025    0.025    0.025    0.025    0.026    0.026    0.026    0.026    0.027    0.027    0.027    0.027    0.027    0.027    0.027    0.027    0.027    0.027    0.027    0.027    0.027    0.027    0.027    0.027    0.027    0.026    0.026    0.026    0.026    0.025    0.025    0.025    0.025    0.024    0.024    0.0    0.0    0.0    0.0    0.0    0.0    0.0    0.0    0.0    0.0    0.0    0.0    
0.0    0.0    0.0    0.0    0.0    0.0    0.0    0.0    0.0    0.0    0.024    0.024    0.024    0.025    0.025    0.025    0.026    0.026    0.026    0.026    0.027    0.027    0.027    0.027    0.028    0.028    0.028    0.028    0.028    0.028    0.028    0.028    0.028    0.028    0.028    0.028    0.028    0.027    0.027    0.027    0.027    0.026    0.026    0.026    0.026    0.025    0.025    0.025    0.024    0.024    0.024    0.0    0.0    0.0    0.0    0.0    0.0    0.0    0.0    0.0    0.0    
0.0    0.0    0.0    0.0    0.0    0.0    0.0    0.0    0.0    0.024    0.024    0.025    0.025    0.025    0.025    0.026    0.026    0.026    0.027    0.027    0.027    0.028    0.028    0.028    0.028    0.028    0.029    0.029    0.029    0.029    0.029    0.029    0.029    0.029    0.029    0.028    0.028    0.028    0.028    0.028    0.027    0.027    0.027    0.026    0.026    0.026    0.025    0.025    0.025    0.025    0.024    0.024    0.0    0.0    0.0    0.0    0.0    0.0    0.0    0.0    0.0    
0.0    0.0    0.0    0.0    0.0    0.0    0.0    0.0    0.024    0.024    0.025    0.025    0.025    0.026    0.026    0.026    0.027    0.027    0.027    0.028    0.028    0.028    0.028    0.029    0.029    0.029    0.029    0.029    0.029    0.03    0.03    0.03    0.029    0.029    0.029    0.029    0.029    0.029    0.028    0.028    0.028    0.028    0.027    0.027    0.027    0.026    0.026    0.026    0.025    0.025    0.025    0.024    0.024    0.0    0.0    0.0    0.0    0.0    0.0    0.0    0.0    
0.0    0.0    0.0    0.0    0.0    0.0    0.0    0.024    0.024    0.025    0.025    0.025    0.026    0.026    0.026    0.027    0.027    0.027    0.028    0.028    0.029    0.029    0.029    0.029    0.03    0.03    0.03    0.03    0.03    0.03    0.03    0.03    0.03    0.03    0.03    0.03    0.03    0.029    0.029    0.029    0.029    0.028    0.028    0.027    0.027    0.027    0.026    0.026    0.026    0.025    0.025    0.025    0.024    0.024    0.0    0.0    0.0    0.0    0.0    0.0    0.0    
0.0    0.0    0.0    0.0    0.0    0.0    0.0    0.024    0.025    0.025    0.025    0.026    0.026    0.026    0.027    0.027    0.028    0.028    0.028    0.029    0.029    0.03    0.03    0.03    0.03    0.031    0.031    0.031    0.031    0.031    0.031    0.031    0.031    0.031    0.031    0.031    0.03    0.03    0.03    0.03    0.029    0.029    0.028    0.028    0.028    0.027    0.027    0.026    0.026    0.026    0.025    0.025    0.025    0.024    0.0    0.0    0.0    0.0    0.0    0.0    0.0    
0.0    0.0    0.0    0.0    0.0    0.0    0.024    0.024    0.025    0.025    0.026    0.026    0.026    0.027    0.027    0.028    0.028    0.029    0.029    0.029    0.03    0.03    0.031    0.031    0.031    0.032    0.032    0.032    0.032    0.032    0.032    0.032    0.032    0.032    0.032    0.032    0.031    0.031    0.031    0.03    0.03    0.029    0.029    0.029    0.028    0.028    0.027    0.027    0.026    0.026    0.026    0.025    0.025    0.024    0.024    0.0    0.0    0.0    0.0    0.0    0.0    
0.0    0.0    0.0    0.0    0.0    0.024    0.024    0.025    0.025    0.026    0.026    0.026    0.027    0.027    0.028    0.028    0.029    0.029    0.03    0.03    0.031    0.031    0.032    0.032    0.032    0.033    0.033    0.033    0.033    0.033    0.034    0.033    0.033    0.033    0.033    0.033    0.032    0.032    0.032    0.031    0.031    0.03    0.03    0.029    0.029    0.028    0.028    0.027    0.027    0.026    0.026    0.026    0.025    0.025    0.024    0.024    0.0    0.0    0.0    0.0    0.0    
0.0    0.0    0.0    0.0    0.0    0.024    0.025    0.025    0.025    0.026    0.026    0.027    0.027    0.028    0.028    0.029    0.029    0.03    0.03    0.031    0.031    0.032    0.033    0.033    0.033    0.034    0.034    0.034    0.035    0.035    0.035    0.035    0.035    0.034    0.034    0.034    0.033    0.033    0.033    0.032    0.031    0.031    0.03    0.03    0.029    0.029    0.028    0.028    0.027    0.027    0.026    0.026    0.025    0.025    0.025    0.024    0.0    0.0    0.0    0.0    0.0    
0.0    0.0    0.0    0.0    0.024    0.025    0.025    0.025    0.026    0.026    0.027    0.027    0.028    0.028    0.029    0.029    0.03    0.031    0.031    0.032    0.032    0.033    0.034    0.034    0.035    0.035    0.035    0.036    0.036    0.036    0.036    0.036    0.036    0.036    0.035    0.035    0.035    0.034    0.034    0.033    0.032    0.032    0.031    0.031    0.03    0.029    0.029    0.028    0.028    0.027    0.027    0.026    0.026    0.025    0.025    0.025    0.024    0.0    0.0    0.0    0.0    
0.0    0.0    0.0    0.024    0.024    0.025    0.025    0.026    0.026    0.027    0.027    0.028    0.028    0.029    0.029    0.03    0.031    0.031    0.032    0.033    0.033    0.034    0.035    0.035    0.036    0.036    0.037    0.037    0.038    0.038    0.038    0.038    0.038    0.037    0.037    0.036    0.036    0.035    0.035    0.034    0.033    0.033    0.032    0.031    0.031    0.03    0.029    0.029    0.028    0.028    0.027    0.027    0.026    0.026    0.025    0.025    0.024    0.024    0.0    0.0    0.0    
0.0    0.0    0.0    0.024    0.025    0.025    0.025    0.026    0.026    0.027    0.027    0.028    0.029    0.029    0.03    0.031    0.031    0.032    0.033    0.033    0.034    0.035    0.036    0.037    0.037    0.038    0.039    0.039    0.039    0.04    0.04    0.04    0.039    0.039    0.039    0.038    0.037    0.037    0.036    0.035    0.034    0.033    0.033    0.032    0.031    0.031    0.03    0.029    0.029    0.028    0.027    0.027    0.026    0.026    0.025    0.025    0.025    0.024    0.0    0.0    0.0    
0.0    0.0    0.024    0.024    0.025    0.025    0.026    0.026    0.027    0.027    0.028    0.028    0.029    0.03    0.03    0.031    0.032    0.033    0.034    0.034    0.035    0.036    0.037    0.038    0.039    0.04    0.04    0.041    0.041    0.042    0.042    0.042    0.041    0.041    0.04    0.04    0.039    0.038    0.037    0.036    0.035    0.034    0.034    0.033    0.032    0.031    0.03    0.03    0.029    0.028    0.028    0.027    0.027    0.026    0.026    0.025    0.025    0.024    0.024    0.0    0.0    
0.0    0.0    0.024    0.025    0.025    0.025    0.026    0.026    0.027    0.028    0.028    0.029    0.029    0.03    0.031    0.032    0.033    0.033    0.034    0.035    0.036    0.037    0.039    0.04    0.041    0.042    0.043    0.043    0.044    0.044    0.044    0.044    0.044    0.043    0.043    0.042    0.041    0.04    0.039    0.037    0.036    0.035    0.034    0.033    0.033    0.032    0.031    0.03    0.029    0.029    0.028    0.028    0.027    0.026    0.026    0.025    0.025    0.025    0.024    0.0    0.0    
0.0    0.0    0.024    0.025    0.025    0.026    0.026    0.027    0.027    0.028    0.029    0.029    0.03    0.031    0.031    0.032    0.033    0.034    0.035    0.036    0.038    0.039    0.04    0.041    0.043    0.044    0.045    0.046    0.047    0.047    0.047    0.047    0.047    0.046    0.045    0.044    0.043    0.041    0.04    0.039    0.038    0.036    0.035    0.034    0.033    0.032    0.031    0.031    0.03    0.029    0.029    0.028    0.027    0.027    0.026    0.026    0.025    0.025    0.024    0.0    0.0    
0.0    0.024    0.024    0.025    0.025    0.026    0.026    0.027    0.028    0.028    0.029    0.03    0.03    0.031    0.032    0.033    0.034    0.035    0.036    0.037    0.039    0.04    0.042    0.043    0.045    0.046    0.048    0.049    0.05    0.051    0.051    0.051    0.05    0.049    0.048    0.046    0.045    0.043    0.042    0.04    0.039    0.037    0.036    0.035    0.034    0.033    0.032    0.031    0.03    0.03    0.029    0.028    0.028    0.027    0.026    0.026    0.025    0.025    0.024    0.024    0.0    
0.0    0.024    0.025    0.025    0.025    0.026    0.027    0.027    0.028    0.028    0.029    0.03    0.031    0.032    0.033    0.034    0.035    0.036    0.037    0.039    0.04    0.042    0.043    0.045    0.047    0.049    0.051    0.053    0.055    0.056    0.056    0.056    0.055    0.053    0.051    0.049    0.047    0.045    0.043    0.042    0.04    0.039    0.037    0.036    0.035    0.034    0.033    0.032    0.031    0.03    0.029    0.028    0.028    0.027    0.027    0.026    0.025    0.025    0.025    0.024    0.0    
0.0    0.024    0.025    0.025    0.026    0.026    0.027    0.027    0.028    0.029    0.029    0.03    0.031    0.032    0.033    0.034    0.035    0.037    0.038    0.04    0.041    0.043    0.045    0.048    0.05    0.053    0.056    0.058    0.061    0.062    0.063    0.062    0.061    0.058    0.056    0.053    0.05    0.048    0.045    0.043    0.041    0.04    0.038    0.037    0.035    0.034    0.033    0.032    0.031    0.03    0.029    0.029    0.028    0.027    0.027    0.026    0.026    0.025    0.025    0.024    0.0    
0.0    0.024    0.025    0.025    0.026    0.026    0.027    0.028    0.028    0.029    0.03    0.03    0.031    0.032    0.033    0.035    0.036    0.037    0.039    0.041    0.043    0.045    0.047    0.05    0.054    0.057    0.061    0.065    0.069    0.071    0.072    0.071    0.069    0.065    0.061    0.057    0.054    0.05    0.047    0.045    0.043    0.041    0.039    0.037    0.036    0.035    0.033    0.032    0.031    0.03    0.03    0.029    0.028    0.028    0.027    0.026    0.026    0.025    0.025    0.024    0.0    
0.024    0.024    0.025    0.025    0.026    0.026    0.027    0.028    0.028    0.029    0.03    0.031    0.032    0.033    0.034    0.035    0.036    0.038    0.04    0.042    0.044    0.046    0.049    0.053    0.057    0.062    0.068    0.075    0.081    0.087    0.089    0.087    0.081    0.075    0.068    0.062    0.057    0.053    0.049    0.046    0.044    0.042    0.04    0.038    0.036    0.035    0.034    0.033    0.032    0.031    0.03    0.029    0.028    0.028    0.027    0.026    0.026    0.025    0.025    0.024    0.024    
0.024    0.024    0.025    0.025    0.026    0.027    0.027    0.028    0.029    0.029    0.03    0.031    0.032    0.033    0.034    0.035    0.037    0.039    0.04    0.043    0.045    0.048    0.051    0.056    0.061    0.068    0.077    0.089    0.103    0.118    0.125    0.118    0.103    0.089    0.077    0.068    0.061    0.056    0.051    0.048    0.045    0.043    0.04    0.039    0.037    0.035    0.034    0.033    0.032    0.031    0.03    0.029    0.029    0.028    0.027    0.027    0.026    0.025    0.025    0.024    0.024    
0.024    0.025    0.025    0.026    0.026    0.027    0.027    0.028    0.029    0.029    0.03    0.031    0.032    0.033    0.034    0.036    0.037    0.039    0.041    0.043    0.046    0.049    0.053    0.058    0.065    0.075    0.089    0.113    0.161    0.311    0.0    0.311    0.161    0.113    0.089    0.075    0.065    0.058    0.053    0.049    0.046    0.043    0.041    0.039    0.037    0.036    0.034    0.033    0.032    0.031    0.03    0.029    0.029    0.028    0.027    0.027    0.026    0.026    0.025    0.025    0.024    
0.024    0.025    0.025    0.026    0.026    0.027    0.027    0.028    0.029    0.029    0.03    0.031    0.032    0.033    0.035    0.036    0.038    0.039    0.041    0.044    0.047    0.05    0.055    0.061    0.069    0.081    0.103    0.161    0.0    0.0    0.0    0.0    0.0    0.161    0.103    0.081    0.069    0.061    0.055    0.05    0.047    0.044    0.041    0.039    0.038    0.036    0.035    0.033    0.032    0.031    0.03    0.029    0.029    0.028    0.027    0.027    0.026    0.026    0.025    0.025    0.024    
0.024    0.025    0.025    0.026    0.026    0.027    0.027    0.028    0.029    0.03    0.03    0.031    0.032    0.033    0.035    0.036    0.038    0.04    0.042    0.044    0.047    0.051    0.056    0.062    0.071    0.087    0.118    0.311    0.0    0.0    0.0    0.0    0.0    0.311    0.118    0.087    0.071    0.062    0.056    0.051    0.047    0.044    0.042    0.04    0.038    0.036    0.035    0.033    0.032    0.031    0.03    0.03    0.029    0.028    0.027    0.027    0.026    0.026    0.025    0.025    0.024    
0.024    0.025    0.025    0.026    0.026    0.027    0.027    0.028    0.029    0.03    0.03    0.031    0.032    0.034    0.035    0.036    0.038    0.04    0.042    0.044    0.047    0.051    0.056    0.063    0.072    0.089    0.125    0.0    0.0    0.0    0.0    0.0    0.0    0.0    0.125    0.089    0.072    0.063    0.056    0.051    0.047    0.044    0.042    0.04    0.038    0.036    0.035    0.034    0.032    0.031    0.03    0.03    0.029    0.028    0.027    0.027    0.026    0.026    0.025    0.025    0.024    
0.024    0.025    0.025    0.026    0.026    0.027    0.027    0.028    0.029    0.03    0.03    0.031    0.032    0.033    0.035    0.036    0.038    0.04    0.042    0.044    0.047    0.051    0.056    0.062    0.071    0.087    0.118    0.311    0.0    0.0    0.0    0.0    0.0    0.311    0.118    0.087    0.071    0.062    0.056    0.051    0.047    0.044    0.042    0.04    0.038    0.036    0.035    0.033    0.032    0.031    0.03    0.03    0.029    0.028    0.027    0.027    0.026    0.026    0.025    0.025    0.024    
0.024    0.025    0.025    0.026    0.026    0.027    0.027    0.028    0.029    0.029    0.03    0.031    0.032    0.033    0.035    0.036    0.038    0.039    0.041    0.044    0.047    0.05    0.055    0.061    0.069    0.081    0.103    0.161    0.0    0.0    0.0    0.0    0.0    0.161    0.103    0.081    0.069    0.061    0.055    0.05    0.047    0.044    0.041    0.039    0.038    0.036    0.035    0.033    0.032    0.031    0.03    0.029    0.029    0.028    0.027    0.027    0.026    0.026    0.025    0.025    0.024    
0.024    0.025    0.025    0.026    0.026    0.027    0.027    0.028    0.029    0.029    0.03    0.031    0.032    0.033    0.034    0.036    0.037    0.039    0.041    0.043    0.046    0.049    0.053    0.058    0.065    0.075    0.089    0.113    0.161    0.311    0.0    0.311    0.161    0.113    0.089    0.075    0.065    0.058    0.053    0.049    0.046    0.043    0.041    0.039    0.037    0.036    0.034    0.033    0.032    0.031    0.03    0.029    0.029    0.028    0.027    0.027    0.026    0.026    0.025    0.025    0.024    
0.024    0.024    0.025    0.025    0.026    0.027    0.027    0.028    0.029    0.029    0.03    0.031    0.032    0.033    0.034    0.035    0.037    0.039    0.04    0.043    0.045    0.048    0.051    0.056    0.061    0.068    0.077    0.089    0.103    0.118    0.125    0.118    0.103    0.089    0.077    0.068    0.061    0.056    0.051    0.048    0.045    0.043    0.04    0.039    0.037    0.035    0.034    0.033    0.032    0.031    0.03    0.029    0.029    0.028    0.027    0.027    0.026    0.025    0.025    0.024    0.024    
0.024    0.024    0.025    0.025    0.026    0.026    0.027    0.028    0.028    0.029    0.03    0.031    0.032    0.033    0.034    0.035    0.036    0.038    0.04    0.042    0.044    0.046    0.049    0.053    0.057    0.062    0.068    0.075    0.081    0.087    0.089    0.087    0.081    0.075    0.068    0.062    0.057    0.053    0.049    0.046    0.044    0.042    0.04    0.038    0.036    0.035    0.034    0.033    0.032    0.031    0.03    0.029    0.028    0.028    0.027    0.026    0.026    0.025    0.025    0.024    0.024    
0.0    0.024    0.025    0.025    0.026    0.026    0.027    0.028    0.028    0.029    0.03    0.03    0.031    0.032    0.033    0.035    0.036    0.037    0.039    0.041    0.043    0.045    0.047    0.05    0.054    0.057    0.061    0.065    0.069    0.071    0.072    0.071    0.069    0.065    0.061    0.057    0.054    0.05    0.047    0.045    0.043    0.041    0.039    0.037    0.036    0.035    0.033    0.032    0.031    0.03    0.03    0.029    0.028    0.028    0.027    0.026    0.026    0.025    0.025    0.024    0.0    
0.0    0.024    0.025    0.025    0.026    0.026    0.027    0.027    0.028    0.029    0.029    0.03    0.031    0.032    0.033    0.034    0.035    0.037    0.038    0.04    0.041    0.043    0.045    0.048    0.05    0.053    0.056    0.058    0.061    0.062    0.063    0.062    0.061    0.058    0.056    0.053    0.05    0.048    0.045    0.043    0.041    0.04    0.038    0.037    0.035    0.034    0.033    0.032    0.031    0.03    0.029    0.029    0.028    0.027    0.027    0.026    0.026    0.025    0.025    0.024    0.0    
0.0    0.024    0.025    0.025    0.025    0.026    0.027    0.027    0.028    0.028    0.029    0.03    0.031    0.032    0.033    0.034    0.035    0.036    0.037    0.039    0.04    0.042    0.043    0.045    0.047    0.049    0.051    0.053    0.055    0.056    0.056    0.056    0.055    0.053    0.051    0.049    0.047    0.045    0.043    0.042    0.04    0.039    0.037    0.036    0.035    0.034    0.033    0.032    0.031    0.03    0.029    0.028    0.028    0.027    0.027    0.026    0.025    0.025    0.025    0.024    0.0    
0.0    0.024    0.024    0.025    0.025    0.026    0.026    0.027    0.028    0.028    0.029    0.03    0.03    0.031    0.032    0.033    0.034    0.035    0.036    0.037    0.039    0.04    0.042    0.043    0.045    0.046    0.048    0.049    0.05    0.051    0.051    0.051    0.05    0.049    0.048    0.046    0.045    0.043    0.042    0.04    0.039    0.037    0.036    0.035    0.034    0.033    0.032    0.031    0.03    0.03    0.029    0.028    0.028    0.027    0.026    0.026    0.025    0.025    0.024    0.024    0.0    
0.0    0.0    0.024    0.025    0.025    0.026    0.026    0.027    0.027    0.028    0.029    0.029    0.03    0.031    0.031    0.032    0.033    0.034    0.035    0.036    0.038    0.039    0.04    0.041    0.043    0.044    0.045    0.046    0.047    0.047    0.047    0.047    0.047    0.046    0.045    0.044    0.043    0.041    0.04    0.039    0.038    0.036    0.035    0.034    0.033    0.032    0.031    0.031    0.03    0.029    0.029    0.028    0.027    0.027    0.026    0.026    0.025    0.025    0.024    0.0    0.0    
0.0    0.0    0.024    0.025    0.025    0.025    0.026    0.026    0.027    0.028    0.028    0.029    0.029    0.03    0.031    0.032    0.033    0.033    0.034    0.035    0.036    0.037    0.039    0.04    0.041    0.042    0.043    0.043    0.044    0.044    0.044    0.044    0.044    0.043    0.043    0.042    0.041    0.04    0.039    0.037    0.036    0.035    0.034    0.033    0.033    0.032    0.031    0.03    0.029    0.029    0.028    0.028    0.027    0.026    0.026    0.025    0.025    0.025    0.024    0.0    0.0    
0.0    0.0    0.024    0.024    0.025    0.025    0.026    0.026    0.027    0.027    0.028    0.028    0.029    0.03    0.03    0.031    0.032    0.033    0.034    0.034    0.035    0.036    0.037    0.038    0.039    0.04    0.04    0.041    0.041    0.042    0.042    0.042    0.041    0.041    0.04    0.04    0.039    0.038    0.037    0.036    0.035    0.034    0.034    0.033    0.032    0.031    0.03    0.03    0.029    0.028    0.028    0.027    0.027    0.026    0.026    0.025    0.025    0.024    0.024    0.0    0.0    
0.0    0.0    0.0    0.024    0.025    0.025    0.025    0.026    0.026    0.027    0.027    0.028    0.029    0.029    0.03    0.031    0.031    0.032    0.033    0.033    0.034    0.035    0.036    0.037    0.037    0.038    0.039    0.039    0.039    0.04    0.04    0.04    0.039    0.039    0.039    0.038    0.037    0.037    0.036    0.035    0.034    0.033    0.033    0.032    0.031    0.031    0.03    0.029    0.029    0.028    0.027    0.027    0.026    0.026    0.025    0.025    0.025    0.024    0.0    0.0    0.0    
0.0    0.0    0.0    0.024    0.024    0.025    0.025    0.026    0.026    0.027    0.027    0.028    0.028    0.029    0.029    0.03    0.031    0.031    0.032    0.033    0.033    0.034    0.035    0.035    0.036    0.036    0.037    0.037    0.038    0.038    0.038    0.038    0.038    0.037    0.037    0.036    0.036    0.035    0.035    0.034    0.033    0.033    0.032    0.031    0.031    0.03    0.029    0.029    0.028    0.028    0.027    0.027    0.026    0.026    0.025    0.025    0.024    0.024    0.0    0.0    0.0    
0.0    0.0    0.0    0.0    0.024    0.025    0.025    0.025    0.026    0.026    0.027    0.027    0.028    0.028    0.029    0.029    0.03    0.031    0.031    0.032    0.032    0.033    0.034    0.034    0.035    0.035    0.035    0.036    0.036    0.036    0.036    0.036    0.036    0.036    0.035    0.035    0.035    0.034    0.034    0.033    0.032    0.032    0.031    0.031    0.03    0.029    0.029    0.028    0.028    0.027    0.027    0.026    0.026    0.025    0.025    0.025    0.024    0.0    0.0    0.0    0.0    
0.0    0.0    0.0    0.0    0.0    0.024    0.025    0.025    0.025    0.026    0.026    0.027    0.027    0.028    0.028    0.029    0.029    0.03    0.03    0.031    0.031    0.032    0.033    0.033    0.033    0.034    0.034    0.034    0.035    0.035    0.035    0.035    0.035    0.034    0.034    0.034    0.033    0.033    0.033    0.032    0.031    0.031    0.03    0.03    0.029    0.029    0.028    0.028    0.027    0.027    0.026    0.026    0.025    0.025    0.025    0.024    0.0    0.0    0.0    0.0    0.0    
0.0    0.0    0.0    0.0    0.0    0.024    0.024    0.025    0.025    0.026    0.026    0.026    0.027    0.027    0.028    0.028    0.029    0.029    0.03    0.03    0.031    0.031    0.032    0.032    0.032    0.033    0.033    0.033    0.033    0.033    0.034    0.033    0.033    0.033    0.033    0.033    0.032    0.032    0.032    0.031    0.031    0.03    0.03    0.029    0.029    0.028    0.028    0.027    0.027    0.026    0.026    0.026    0.025    0.025    0.024    0.024    0.0    0.0    0.0    0.0    0.0    
0.0    0.0    0.0    0.0    0.0    0.0    0.024    0.024    0.025    0.025    0.026    0.026    0.026    0.027    0.027    0.028    0.028    0.029    0.029    0.029    0.03    0.03    0.031    0.031    0.031    0.032    0.032    0.032    0.032    0.032    0.032    0.032    0.032    0.032    0.032    0.032    0.031    0.031    0.031    0.03    0.03    0.029    0.029    0.029    0.028    0.028    0.027    0.027    0.026    0.026    0.026    0.025    0.025    0.024    0.024    0.0    0.0    0.0    0.0    0.0    0.0    
0.0    0.0    0.0    0.0    0.0    0.0    0.0    0.024    0.025    0.025    0.025    0.026    0.026    0.026    0.027    0.027    0.028    0.028    0.028    0.029    0.029    0.03    0.03    0.03    0.03    0.031    0.031    0.031    0.031    0.031    0.031    0.031    0.031    0.031    0.031    0.031    0.03    0.03    0.03    0.03    0.029    0.029    0.028    0.028    0.028    0.027    0.027    0.026    0.026    0.026    0.025    0.025    0.025    0.024    0.0    0.0    0.0    0.0    0.0    0.0    0.0    
0.0    0.0    0.0    0.0    0.0    0.0    0.0    0.024    0.024    0.025    0.025    0.025    0.026    0.026    0.026    0.027    0.027    0.027    0.028    0.028    0.029    0.029    0.029    0.029    0.03    0.03    0.03    0.03    0.03    0.03    0.03    0.03    0.03    0.03    0.03    0.03    0.03    0.029    0.029    0.029    0.029    0.028    0.028    0.027    0.027    0.027    0.026    0.026    0.026    0.025    0.025    0.025    0.024    0.024    0.0    0.0    0.0    0.0    0.0    0.0    0.0    
0.0    0.0    0.0    0.0    0.0    0.0    0.0    0.0    0.024    0.024    0.025    0.025    0.025    0.026    0.026    0.026    0.027    0.027    0.027    0.028    0.028    0.028    0.028    0.029    0.029    0.029    0.029    0.029    0.029    0.03    0.03    0.03    0.029    0.029    0.029    0.029    0.029    0.029    0.028    0.028    0.028    0.028    0.027    0.027    0.027    0.026    0.026    0.026    0.025    0.025    0.025    0.024    0.024    0.0    0.0    0.0    0.0    0.0    0.0    0.0    0.0    
0.0    0.0    0.0    0.0    0.0    0.0    0.0    0.0    0.0    0.024    0.024    0.025    0.025    0.025    0.025    0.026    0.026    0.026    0.027    0.027    0.027    0.028    0.028    0.028    0.028    0.028    0.029    0.029    0.029    0.029    0.029    0.029    0.029    0.029    0.029    0.028    0.028    0.028    0.028    0.028    0.027    0.027    0.027    0.026    0.026    0.026    0.025    0.025    0.025    0.025    0.024    0.024    0.0    0.0    0.0    0.0    0.0    0.0    0.0    0.0    0.0    
0.0    0.0    0.0    0.0    0.0    0.0    0.0    0.0    0.0    0.0    0.024    0.024    0.024    0.025    0.025    0.025    0.026    0.026    0.026    0.026    0.027    0.027    0.027    0.027    0.028    0.028    0.028    0.028    0.028    0.028    0.028    0.028    0.028    0.028    0.028    0.028    0.028    0.027    0.027    0.027    0.027    0.026    0.026    0.026    0.026    0.025    0.025    0.025    0.024    0.024    0.024    0.0    0.0    0.0    0.0    0.0    0.0    0.0    0.0    0.0    0.0    
0.0    0.0    0.0    0.0    0.0    0.0    0.0    0.0    0.0    0.0    0.0    0.0    0.024    0.024    0.025    0.025    0.025    0.025    0.026    0.026    0.026    0.026    0.027    0.027    0.027    0.027    0.027    0.027    0.027    0.027    0.027    0.027    0.027    0.027    0.027    0.027    0.027    0.027    0.027    0.026    0.026    0.026    0.026    0.025    0.025    0.025    0.025    0.024    0.024    0.0    0.0    0.0    0.0    0.0    0.0    0.0    0.0    0.0    0.0    0.0    0.0    
0.0    0.0    0.0    0.0    0.0    0.0    0.0    0.0    0.0    0.0    0.0    0.0    0.0    0.024    0.024    0.025    0.025    0.025    0.025    0.025    0.026    0.026    0.026    0.026    0.026    0.026    0.027    0.027    0.027    0.027    0.027    0.027    0.027    0.027    0.027    0.026    0.026    0.026    0.026    0.026    0.026    0.025    0.025    0.025    0.025    0.025    0.024    0.024    0.0    0.0    0.0    0.0    0.0    0.0    0.0    0.0    0.0    0.0    0.0    0.0    0.0    
0.0    0.0    0.0    0.0    0.0    0.0    0.0    0.0    0.0    0.0    0.0    0.0    0.0    0.0    0.0    0.024    0.024    0.025    0.025    0.025    0.025    0.025    0.025    0.026    0.026    0.026    0.026    0.026    0.026    0.026    0.026    0.026    0.026    0.026    0.026    0.026    0.026    0.026    0.025    0.025    0.025    0.025    0.025    0.025    0.024    0.024    0.0    0.0    0.0    0.0    0.0    0.0    0.0    0.0    0.0    0.0    0.0    0.0    0.0    0.0    0.0    
0.0    0.0    0.0    0.0    0.0    0.0    0.0    0.0    0.0    0.0    0.0    0.0    0.0    0.0    0.0    0.0    0.024    0.024    0.024    0.025    0.025    0.025    0.025    0.025    0.025    0.025    0.025    0.026    0.026    0.026    0.026    0.026    0.026    0.026    0.025    0.025    0.025    0.025    0.025    0.025    0.025    0.025    0.024    0.024    0.024    0.0    0.0    0.0    0.0    0.0    0.0    0.0    0.0    0.0    0.0    0.0    0.0    0.0    0.0    0.0    0.0    
0.0    0.0    0.0    0.0    0.0    0.0    0.0    0.0    0.0    0.0    0.0    0.0    0.0    0.0    0.0    0.0    0.0    0.0    0.024    0.024    0.024    0.024    0.025    0.025    0.025    0.025    0.025    0.025    0.025    0.025    0.025    0.025    0.025    0.025    0.025    0.025    0.025    0.025    0.025    0.024    0.024    0.024    0.024    0.0    0.0    0.0    0.0    0.0    0.0    0.0    0.0    0.0    0.0    0.0    0.0    0.0    0.0    0.0    0.0    0.0    0.0    
0.0    0.0    0.0    0.0    0.0    0.0    0.0    0.0    0.0    0.0    0.0    0.0    0.0    0.0    0.0    0.0    0.0    0.0    0.0    0.0    0.0    0.024    0.024    0.024    0.024    0.024    0.024    0.025    0.025    0.025    0.025    0.025    0.025    0.025    0.024    0.024    0.024    0.024    0.024    0.024    0.0    0.0    0.0    0.0    0.0    0.0    0.0    0.0    0.0    0.0    0.0    0.0    0.0    0.0    0.0    0.0    0.0    0.0    0.0    0.0    0.0    
0.0    0.0    0.0    0.0    0.0    0.0    0.0    0.0    0.0    0.0    0.0    0.0    0.0    0.0    0.0    0.0    0.0    0.0    0.0    0.0    0.0    0.0    0.0    0.0    0.0    0.024    0.024    0.024    0.024    0.024    0.024    0.024    0.024    0.024    0.024    0.024    0.0    0.0    0.0    0.0    0.0    0.0    0.0    0.0    0.0    0.0    0.0    0.0    0.0    0.0    0.0    0.0    0.0    0.0    0.0    0.0    0.0    0.0    0.0    0.0    0.0    