61 61
0.0    0.0    0.0    0.0    0.0    0.0    0.0    0.0    0.0    0.0    0.0    0.0    0.0    0.0    0.0    0.0    0.0    0.0    0.0    0.0    0.0    0.0    0.0    0.0    0.0    0.029    0.029    0.029    0.029    0.029    0.029    0.029    0.029    0.029    0.029    0.029    0.0    0.0    0.0    0.0    0.0    0.0    0.0    0.0    0.0    0.0    0.0    0.0    0.0    0.0    0.0    0.0    0.0    0.0    0.0    0.0    0.0    0.0    0.0    0.0    0.0    
0.0    0.0    0.0    0.0    0.0    0.0    0.0    0.0    0.0    0.0    0.0    0.0    0.0    0.0    0.0    0.0    0.0    0.0    0.0    0.0    0.0    0.029    0.029    0.029    0.03    0.03    0.03    0.03    0.03    0.03    0.03    0.03    0.03    0.03    0.03    0.03    0.03    0.029    0.029    0.029    0.0    0.0    0.0    0.0    0.0    0.0    0.0    0.0    0.0    0.0    0.0    0.0    0.0    0.0    0.0    0.0    0.0    0.0    0.0    0.0    0.0    
0.0    0.0    0.0    0.0    0.0    0.0    0.0    0.0    0.0    0.0    0.0    0.0    0.0    0.0    0.0    0.0    0.0    0.0    0.029    0.029    0.03    0.03    0.03    0.03    0.03    0.03    0.03    0.03    0.03    0.03    0.03    0.03    0.03    0.03    0.03    0.03    0.03    0.03    0.03    0.03    0.03    0.029    0.029    0.0    0.0    0.0    0.0    0.0    0.0    0.0    0.0    0.0    0.0    0.0    0.0    0.0    0.0    0.0    0.0    0.0    0.0    
0.0    0.0    0.0    0.0    0.0    0.0    0.0    0.0    0.0    0.0    0.0    0.0    0.0    0.0    0.0    0.0    0.029    0.029    0.03    0.03    0.03    0.03    0.03    0.03    0.03    0.03    0.03    0.03    0.03    0.03    0.03    0.03    0.03    0.03    0.03    0.03    0.03    0.03    0.03    0.03    0.03    0.03    0.03    0.029    0.029    0.0    0.0    0.0    0.0    0.0    0.0    0.0    0.0    0.0    0.0    0.0    0.0    0.0    0.0    0.0    0.0    
0.0    0.0    0.0    0.0    0.0    0.0    0.0    0.0    0.0    0.0    0.0    0.0    0.0    0.0    0.0    0.029    0.03    0.03    0.03    0.03    0.03    0.03    0.03    0.03    0.03    0.03    0.031    0.031    0.031    0.031    0.031    0.031    0.031    0.031    0.031    0.03    0.03    0.03    0.03    0.03    0.03    0.03    0.03    0.03    0.03    0.029    0.0    0.0    0.0    0.0    0.0    0.0    0.0    0.0    0.0    0.0    0.0    0.0    0.0    0.0    0.0    
0.0    0.0    0.0    0.0    0.0    0.0    0.0    0.0    0.0    0.0    0.0    0.0    0.0    0.029    0.03    0.03    0.03    0.03    0.03    0.03    0.03    0.03    0.031    0.031    0.031    0.031    0.031    0.031    0.031    0.031    0.031    0.031    0.031    0.031    0.031    0.031    0.031    0.031    0.031    0.03    0.03    0.03    0.03    0.03    0.03    0.03    0.03    0.029    0.0    0.0    0.0    0.0    0.0    0.0    0.0    0.0    0.0    0.0    0.0    0.0    0.0    
0.0    0.0    0.0    0.0    0.0    0.0    0.0    0.0    0.0    0.0    0.0    0.0    0.029    0.03    0.03    0.03    0.03    0.03    0.03    0.031    0.031    0.031    0.031    0.031    0.031    0.031    0.031    0.031    0.031    0.031    0.031    0.031    0.031    0.031    0.031    0.031    0.031    0.031    0.031    0.031    0.031    0.031    0.03    0.03    0.03    0.03    0.03    0.03    0.029    0.0    0.0    0.0    0.0    0.0    0.0    0.0    0.0    0.0    0.0    0.0    0.0    
0.0    0.0    0.0    0.0    0.0    0.0    0.0    0.0    0.0    0.0    0.029    0.029    0.03    0.03    0.03    0.03    0.03    0.031    0.031    0.031    0.031    0.031    0.031    0.031    0.031    0.032    0.032    0.032    0.032    0.032    0.032    0.032    0.032    0.032    0.032    0.032    0.031    0.031    0.031    0.031    0.031    0.031    0.031    0.031    0.03    0.03    0.03    0.03    0.03    0.029    0.029    0.0    0.0    0.0    0.0    0.0    0.0    0.0    0.0    0.0    0.0    
0.0    0.0    0.0    0.0    0.0    0.0    0.0    0.0    0.0    0.029    0.03    0.03    0.03    0.03    0.03    0.03    0.031    0.031    0.031    0.031    0.031    0.031    0.032    0.032    0.032    0.032    0.032    0.032    0.032    0.032    0.032    0.032    0.032    0.032    0.032    0.032    0.032    0.032    0.032    0.031    0.031    0.031    0.031    0.031    0.031    0.03    0.03    0.03    0.03    0.03    0.03    0.029    0.0    0.0    0.0    0.0    0.0    0.0    0.0    0.0    0.0    
0.0    0.0    0.0    0.0    0.0    0.0    0.0    0.0    0.029    0.03    0.03    0.03    0.03    0.03    0.031    0.031    0.031    0.031    0.031    0.031    0.032    0.032    0.032    0.032    0.032    0.032    0.032    0.032    0.033    0.033    0.033    0.033    0.033    0.032    0.032    0.032    0.032    0.032    0.032    0.032    0.032    0.031    0.031    0.031    0.031    0.031    0.031    0.03    0.03    0.03    0.03    0.03    0.029    0.0    0.0    0.0    0.0    0.0    0.0    0.0    0.0    
0.0    0.0    0.0    0.0    0.0    0.0    0.0    0.029    0.03    0.03    0.03    0.03    0.03    0.031    0.031    0.031    0.031    0.031    0.032    0.032    0.032    0.032    0.032    0.032    0.033    0.033    0.033    0.033    0.033    0.033    0.033    0.033    0.033    0.033    0.033    0.033    0.033    0.032    0.032    0.032    0.032    0.032    0.032    0.031    0.031    0.031    0.031    0.031    0.03    0.03    0.03    0.03    0.03    0.029    0.0    0.0    0.0    0.0    0.0    0.0    0.0    
0.0    0.0    0.0    0.0    0.0    0.0    0.0    0.029    0.03    0.03    0.03    0.03    0.031    0.031    0.031    0.031    0.031    0.032    0.032    0.032    0.032    0.033    0.033    0.033    0.033    0.033    0.033    0.033    0.033    0.034    0.034    0.034    0.033    0.033    0.033    0.033    0.033    0.033    0.033    0.033    0.032    0.032    0.032    0.032    0.031    0.031    0.031    0.031    0.031    0.03    0.03    0.03    0.03    0.029    0.0    0.0    0.0    0.0    0.0    0.0    0.0    
0.0    0.0    0.0    0.0    0.0    0.0    0.029    0.03    0.03    0.03    0.03    0.031    0.031    0.031    0.031    0.032    0.032    0.032    0.032    0.033    0.033    0.033    0.033    0.033    0.034    0.034    0.034    0.034    0.034    0.034    0.034    0.034    0.034    0.034    0.034    0.034    0.034    0.033    0.033    0.033    0.033    0.033    0.032    0.032    0.032    0.032    0.031    0.031    0.031    0.031    0.03    0.03    0.03    0.03    0.029    0.0    0.0    0.0    0.0    0.0    0.0    
0.0    0.0    0.0    0.0    0.0    0.029    0.03    0.03    0.03    0.03    0.031    0.031    0.031    0.031    0.032    0.032    0.032    0.032    0.033    0.033    0.033    0.033    0.034    0.034    0.034    0.034    0.034    0.035    0.035    0.035    0.035    0.035    0.035    0.035    0.034    0.034    0.034    0.034    0.034    0.033    0.033    0.033    0.033    0.032    0.032    0.032    0.032    0.031    0.031    0.031    0.031    0.03    0.03    0.03    0.03    0.029    0.0    0.0    0.0    0.0    0.0    
0.0    0.0    0.0    0.0    0.0    0.03    0.03    0.03    0.03    0.031    0.031    0.031    0.031    0.032    0.032    0.032    0.032    0.033    0.033    0.033    0.034    0.034    0.034    0.034    0.035    0.035    0.035    0.035    0.035    0.035    0.035    0.035    0.035    0.035    0.035    0.035    0.035    0.034    0.034    0.034    0.034    0.033    0.033    0.033    0.032    0.032    0.032    0.032    0.031    0.031    0.031    0.031    0.03    0.03    0.03    0.03    0.0    0.0    0.0    0.0    0.0    
0.0    0.0    0.0    0.0    0.029    0.03    0.03    0.03    0.03    0.031    0.031    0.031    0.032    0.032    0.032    0.032    0.033    0.033    0.033    0.034    0.034    0.034    0.035    0.035    0.035    0.035    0.036    0.036    0.036    0.036    0.036    0.036    0.036    0.036    0.036    0.035    0.035    0.035    0.035    0.034    0.034    0.034    0.033    0.033    0.033    0.032    0.032    0.032    0.032    0.031    0.031    0.031    0.03    0.03    0.03    0.03    0.029    0.0    0.0    0.0    0.0    
0.0    0.0    0.0    0.029    0.03    0.03    0.03    0.03    0.031    0.031    0.031    0.031    0.032    0.032    0.032    0.033    0.033    0.033    0.034    0.034    0.035    0.035    0.035    0.036    0.036    0.036    0.036    0.037    0.037    0.037    0.037    0.037    0.037    0.037    0.036    0.036    0.036    0.036    0.035    0.035    0.035    0.034    0.034    0.033    0.033    0.033    0.032    0.032    0.032    0.031    0.031    0.031    0.031    0.03    0.03    0.03    0.03    0.029    0.0    0.0    0.0    
0.0    0.0    0.0    0.029    0.03    0.03    0.03    0.031    0.031    0.031    0.031    0.032    0.032    0.032    0.033    0.033    0.033    0.034    0.034    0.035    0.035    0.035    0.036    0.036    0.037    0.037    0.037    0.037    0.038    0.038    0.038    0.038    0.038    0.037    0.037    0.037    0.037    0.036    0.036    0.035    0.035    0.035    0.034    0.034    0.033    0.033    0.033    0.032    0.032    0.032    0.031    0.031    0.031    0.031    0.03    0.03    0.03    0.029    0.0    0.0    0.0    
0.0    0.0    0.029    0.03    0.03    0.03    0.03    0.031    0.031    0.031    0.032    0.032    0.032    0.033    0.033    0.033    0.034    0.034    0.035    0.035    0.036    0.036    0.036    0.037    0.037    0.038    0.038    0.038    0.039    0.039    0.039    0.039    0.039    0.038    0.038    0.038    0.037    0.037    0.036    0.036    0.036    0.035    0.035    0.034    0.034    0.033    0.033    0.033    0.032    0.032    0.032    0.031    0.031    0.031    0.03    0.03    0.03    0.03    0.029    0.0    0.0    
0.0    0.0    0.029    0.03    0.03    0.03    0.031    0.031    0.031    0.031    0.032    0.032    0.033    0.033    0.033    0.034    0.034    0.035    0.035    0.036    0.036    0.037    0.037    0.038    0.038    0.039    0.039    0.039    0.04    0.04    0.04    0.04    0.04    0.039    0.039    0.039    0.038    0.038    0.037    0.037    0.036    0.036    0.035    0.035    0.034    0.034    0.033    0.033    0.033    0.032    0.032    0.031    0.031    0.031    0.031    0.03    0.03    0.03    0.029    0.0    0.0    
0.0    0.0    0.03    0.03    0.03    0.03    0.031    0.031    0.031    0.032    0.032    0.032    0.033    0.033    0.034    0.034    0.035    0.035    0.036    0.036    0.037    0.037    0.038    0.039    0.039    0.04    0.04    0.041    0.041    0.041    0.041    0.041    0.041    0.041    0.04    0.04    0.039    0.039    0.038    0.037    0.037    0.036    0.036    0.035    0.035    0.034    0.034    0.033    0.033    0.032    0.032    0.032    0.031    0.031    0.031    0.03    0.03    0.03    0.03    0.0    0.0    
0.0    0.029    0.03    0.03    0.03    0.03    0.031    0.031    0.031    0.032    0.032    0.033    0.033    0.033    0.034    0.034    0.035    0.035    0.036    0.037    0.037    0.038    0.039    0.039    0.04    0.041    0.041    0.042    0.042    0.043    0.043    0.043    0.042    0.042    0.041    0.041    0.04    0.039    0.039    0.038    0.037    0.037    0.036    0.035    0.035    0.034    0.034    0.033    0.033    0.033    0.032    0.032    0.031    0.031    0.031    0.03    0.03    0.03    0.03    0.029    0.0    
0.0    0.029    0.03    0.03    0.03    0.031    0.031    0.031    0.032    0.032    0.032    0.033    0.033    0.034    0.034    0.035    0.035    0.036    0.036    0.037    0.038    0.039    0.04    0.04    0.041    0.042    0.043    0.044    0.044    0.045    0.045    0.045    0.044    0.044    0.043    0.042    0.041    0.04    0.04    0.039    0.038    0.037    0.036    0.036    0.035    0.035    0.034    0.034    0.033    0.033    0.032    0.032    0.032    0.031    0.031    0.031    0.03    0.03    0.03    0.029    0.0    
0.0    0.029    0.03    0.03    0.03    0.031    0.031    0.031    0.032    0.032    0.032    0.033    0.033    0.034    0.034    0.035    0.036    0.036    0.037    0.038    0.039    0.039    0.04    0.041    0.042    0.044    0.045    0.046    0.047    0.047    0.047    0.047    0.047    0.046    0.045    0.044    0.042    0.041    0.04    0.039    0.039    0.038    0.037    0.036    0.036    0.035    0.034    0.034    0.033    0.033    0.032    0.032    0.032    0.031    0.031    0.031    0.03    0.03    0.03    0.029    0.0    
0.0    0.03    0.03    0.03    0.03    0.031    0.031    0.031    0.032    0.032    0.033    0.033    0.034    0.034    0.035    0.035    0.036    0.037    0.037    0.038    0.039    0.04    0.041    0.042    0.044    0.045    0.047    0.048    0.05    0.051    0.051    0.051    0.05    0.048    0.047    0.045    0.044    0.042    0.041    0.04    0.039    0.038    0.037    0.037    0.036    0.035    0.035    0.034    0.034    0.033    0.033    0.032    0.032    0.031    0.031    0.031    0.03    0.03    0.03    0.03    0.0    
0.029    0.03    0.03    0.03    0.03    0.031    0.031    0.032    0.032    0.032    0.033    0.033    0.034    0.034    0.035    0.035    0.036    0.037    0.038    0.039    0.04    0.041    0.042    0.044    0.045    0.047    0.049    0.052    0.054    0.056    0.056    0.056    0.054    0.052    0.049    0.047    0.045    0.044    0.042    0.041    0.04    0.039    0.038    0.037    0.036    0.035    0.035    0.034    0.034    0.033    0.033    0.032    0.032    0.032    0.031    0.031    0.03    0.03    0.03    0.03    0.029    
0.029    0.03    0.03    0.03    0.031    0.031    0.031    0.032    0.032    0.032    0.033    0.033    0.034    0.034    0.035    0.036    0.036    0.037    0.038    0.039    0.04    0.041    0.043    0.045    0.047    0.049    0.053    0.056    0.061    0.065    0.067    0.065    0.061    0.056    0.053    0.049    0.047    0.045    0.043    0.041    0.04    0.039    0.038    0.037    0.036    0.036    0.035    0.034    0.034    0.033    0.033    0.032    0.032    0.032    0.031    0.031    0.031    0.03    0.03    0.03    0.029    
0.029    0.03    0.03    0.03    0.031    0.031    0.031    0.032    0.032    0.032    0.033    0.033    0.034    0.035    0.035    0.036    0.037    0.037    0.038    0.039    0.041    0.042    0.044    0.046    0.048    0.052    0.056    0.064    0.076    0.106    0.0    0.106    0.076    0.064    0.056    0.052    0.048    0.046    0.044    0.042    0.041    0.039    0.038    0.037    0.037    0.036    0.035    0.035    0.034    0.033    0.033    0.032    0.032    0.032    0.031    0.031    0.031    0.03    0.03    0.03    0.029    
0.029    0.03    0.03    0.03    0.031    0.031    0.031    0.032    0.032    0.033    0.033    0.033    0.034    0.035    0.035    0.036    0.037    0.038    0.039    0.04    0.041    0.042    0.044    0.047    0.05    0.054    0.061    0.076    0.0    0.0    0.0    0.0    0.0    0.076    0.061    0.054    0.05    0.047    0.044    0.042    0.041    0.04    0.039    0.038    0.037    0.036    0.035    0.035    0.034    0.033    0.033    0.033    0.032    0.032    0.031    0.031    0.031    0.03    0.03    0.03    0.029    
0.029    0.03    0.03    0.03    0.031    0.031    0.031    0.032    0.032    0.033    0.033    0.034    0.034    0.035    0.035    0.036    0.037    0.038    0.039    0.04    0.041    0.043    0.045    0.047    0.051    0.056    0.065    0.106    0.0    0.0    0.0    0.0    0.0    0.106    0.065    0.056    0.051    0.047    0.045    0.043    0.041    0.04    0.039    0.038    0.037    0.036    0.035    0.035    0.034    0.034    0.033    0.033    0.032    0.032    0.031    0.031    0.031    0.03    0.03    0.03    0.029    
0.029    0.03    0.03    0.03    0.031    0.031    0.031    0.032    0.032    0.033    0.033    0.034    0.034    0.035    0.035    0.036    0.037    0.038    0.039    0.04    0.041    0.043    0.045    0.047    0.051    0.056    0.067    0.0    0.0    0.0    0.0    0.0    0.0    0.0    0.067    0.056    0.051    0.047    0.045    0.043    0.041    0.04    0.039    0.038    0.037    0.036    0.035    0.035    0.034    0.034    0.033    0.033    0.032    0.032    0.031    0.031    0.031    0.03    0.03    0.03    0.029    
0.029    0.03    0.03    0.03    0.031    0.031    0.031    0.032    0.032    0.033    0.033    0.034    0.034    0.035    0.035    0.036    0.037    0.038    0.039    0.04    0.041    0.043    0.045    0.047    0.051    0.056    0.065    0.106    0.0    0.0    0.0    0.0    0.0    0.106    0.065    0.056    0.051    0.047    0.045    0.043    0.041    0.04    0.039    0.038    0.037    0.036    0.035    0.035    0.034    0.034    0.033    0.033    0.032    0.032    0.031    0.031    0.031    0.03    0.03    0.03    0.029    
0.029    0.03    0.03    0.03    0.031    0.031    0.031    0.032    0.032    0.033    0.033    0.033    0.034    0.035    0.035    0.036    0.037    0.038    0.039    0.04    0.041    0.042    0.044    0.047    0.05    0.054    0.061    0.076    0.0    0.0    0.0    0.0    0.0    0.076    0.061    0.054    0.05    0.047    0.044    0.042    0.041    0.04    0.039    0.038    0.037    0.036    0.035    0.035    0.034    0.033    0.033    0.033    0.032    0.032    0.031    0.031    0.031    0.03    0.03    0.03    0.029    
0.029    0.03    0.03    0.03    0.031    0.031    0.031    0.032    0.032    0.032    0.033    0.033    0.034    0.035    0.035    0.036    0.037    0.037    0.038    0.039    0.041    0.042    0.044    0.046    0.048    0.052    0.056    0.064    0.076    0.106    0.0    0.106    0.076    0.064    0.056    0.052    0.048    0.046    0.044    0.042    0.041    0.039    0.038    0.037    0.037    0.036    0.035    0.035    0.034    0.033    0.033    0.032    0.032    0.032    0.031    0.031    0.031    0.03    0.03    0.03    0.029    
0.029    0.03    0.03    0.03    0.031    0.031    0.031    0.032    0.032    0.032    0.033    0.033    0.034    0.034    0.035    0.036    0.036    0.037    0.038    0.039    0.04    0.041    0.043    0.045    0.047    0.049    0.053    0.056    0.061    0.065    0.067    0.065    0.061    0.056    0.053    0.049    0.047    0.045    0.043    0.041    0.04    0.039    0.038    0.037    0.036    0.036    0.035    0.034    0.034    0.033    0.033    0.032    0.032    0.032    0.031    0.031    0.031    0.03    0.03    0.03    0.029    
0.029    0.03    0.03    0.03    0.03    0.031    0.031    0.032    0.032    0.032    0.033    0.033    0.034    0.034    0.035    0.035    0.036    0.037    0.038    0.039    0.04    0.041    0.042    0.044    0.045    0.047    0.049    0.052    0.054    0.056    0.056    0.056    0.054    0.052    0.049    0.047    0.045    0.044    0.042    0.041    0.04    0.039    0.038    0.037    0.036    0.035    0.035    0.034    0.034    0.033    0.033    0.032    0.032    0.032    0.031    0.031    0.03    0.03    0.03    0.03    0.029    
0.0    0.03    0.03    0.03    0.03    0.031    0.031    0.031    0.032    0.032    0.033    0.033    0.034    0.034    0.035    0.035    0.036    0.037    0.037    0.038    0.039    0.04    0.041    0.042    0.044    0.045    0.047    0.048    0.05    0.051    0.051    0.051    0.05    0.048    0.047    0.045    0.044    0.042    0.041    0.04    0.039    0.038    0.037    0.037    0.036    0.035    0.035    0.034    0.034    0.033    0.033    0.032    0.032    0.031    0.031    0.031    0.03    0.03    0.03    0.03    0.0    
0.0    0.029    0.03    0.03    0.03    0.031    0.031    0.031    0.032    0.032    0.032    0.033    0.033    0.034    0.034    0.035    0.036    0.036    0.037    0.038    0.039    0.039    0.04    0.041    0.042    0.044    0.045    0.046    0.047    0.047    0.047    0.047    0.047    0.046    0.045    0.044    0.042    0.041    0.04    0.039    0.039    0.038    0.037    0.036    0.036    0.035    0.034    0.034    0.033    0.033    0.032    0.032    0.032    0.031    0.031    0.031    0.03    0.03    0.03    0.029    0.0    
0.0    0.029    0.03    0.03    0.03    0.031    0.031    0.031    0.032    0.032    0.032    0.033    0.033    0.034    0.034    0.035    0.035    0.036    0.036    0.037    0.038    0.039    0.04    0.04    0.041    0.042    0.043    0.044    0.044    0.045    0.045    0.045    0.044    0.044    0.043    0.042    0.041    0.04    0.04    0.039    0.038    0.037    0.036    0.036    0.035    0.035    0.034    0.034    0.033    0.033    0.032    0.032    0.032    0.031    0.031    0.031    0.03    0.03    0.03    0.029    0.0    
0.0    0.029    0.03    0.03    0.03    0.03    0.031    0.031    0.031    0.032    0.032    0.033    0.033    0.033    0.034    0.034    0.035    0.035    0.036    0.037    0.037    0.038    0.039    0.039    0.04    0.041    0.041    0.042    0.042    0.043    0.043    0.043    0.042    0.042    0.041    0.041    0.04    0.039    0.039    0.038    0.037    0.037    0.036    0.035    0.035    0.034    0.034    0.033    0.033    0.033    0.032    0.032    0.031    0.031    0.031    0.03    0.03    0.03    0.03    0.029    0.0    
0.0    0.0    0.03    0.03    0.03    0.03    0.031    0.031    0.031    0.032    0.032    0.032    0.033    0.033    0.034    0.034    0.035    0.035    0.036    0.036    0.037    0.037    0.038    0.039    0.039    0.04    0.04    0.041    0.041    0.041    0.041    0.041    0.041    0.041    0.04    0.04    0.039    0.039    0.038    0.037    0.037    0.036    0.036    0.035    0.035    0.034    0.034    0.033    0.033    0.032    0.032    0.032    0.031    0.031    0.031    0.03    0.03    0.03    0.03    0.0    0.0    
0.0    0.0    0.029    0.03    0.03    0.03    0.031    0.031    0.031    0.031    0.032    0.032    0.033    0.033    0.033    0.034    0.034    0.035    0.035    0.036    0.036    0.037    0.037    0.038    0.038    0.039    0.039    0.039    0.04    0.04    0.04    0.04    0.04    0.039    0.039    0.039    0.038    0.038    0.037    0.037    0.036    0.036    0.035    0.035    0.034    0.034    0.033    0.033    0.033    0.032    0.032    0.031    0.031    0.031    0.031    0.03    0.03    0.03    0.029    0.0    0.0    
0.0    0.0    0.029    0.03    0.03    0.03    0.03    0.031    0.031    0.031    0.032    0.032    0.032    0.033    0.033    0.033    0.034    0.034    0.035    0.035    0.036    0.036    0.036    0.037    0.037    0.038    0.038    0.038    0.039    0.039    0.039    0.039    0.039    0.038    0.038    0.038    0.037    0.037    0.036    0.036    0.036    0.035    0.035    0.034    0.034    0.033    0.033    0.033    0.032    0.032    0.032    0.031    0.031    0.031    0.03    0.03    0.03    0.03    0.029    0.0    0.0    
0.0    0.0    0.0    0.029    0.03    0.03    0.03    0.031    0.031    0.031    0.031    0.032    0.032    0.032    0.033    0.033    0.033    0.034    0.034    0.035    0.035    0.035    0.036    0.036    0.037    0.037    0.037    0.037    0.038    0.038    0.038    0.038    0.038    0.037    0.037    0.037    0.037    0.036    0.036    0.035    0.035    0.035    0.034    0.034    0.033    0.033    0.033    0.032    0.032    0.032    0.031    0.031    0.031    0.031    0.03    0.03    0.03    0.029    0.0    0.0    0.0    
0.0    0.0    0.0    0.029    0.03    0.03    0.03    0.03    0.031    0.031    0.031    0.031    0.032    0.032    0.032    0.033    0.033    0.033    0.034    0.034    0.035    0.035    0.035    0.036    0.036    0.036    0.036    0.037    0.037    0.037    0.037    0.037    0.037    0.037    0.036    0.036    0.036    0.036    0.035    0.035    0.035    0.034    0.034    0.033    0.033    0.033    0.032    0.032    0.032    0.031    0.031    0.031    0.031    0.03    0.03    0.03    0.03    0.029    0.0    0.0    0.0    
0.0    0.0    0.0    0.0    0.029    0.03    0.03    0.03    0.03    0.031    0.031    0.031    0.032    0.032    0.032    0.032    0.033    0.033    0.033    0.034    0.034    0.034    0.035    0.035    0.035    0.035    0.036    0.036    0.036    0.036    0.036    0.036    0.036    0.036    0.036    0.035    0.035    0.035    0.035    0.034    0.034    0.034    0.033    0.033    0.033    0.032    0.032    0.032    0.032    0.031    0.031    0.031    0.03    0.03    0.03    0.03    0.029    0.0    0.0    0.0    0.0    
0.0    0.0    0.0    0.0    0.0    0.03    0.03    0.03    0.03    0.031    0.031    0.031    0.031    0.032    0.032    0.032    0.032    0.033    0.033    0.033    0.034    0.034    0.034    0.034    0.035    0.035    0.035    0.035    0.035    0.035    0.035    0.035    0.035    0.035    0.035    0.035    0.035    0.034    0.034    0.034    0.034    0.033    0.033    0.033    0.032    0.032    0.032    0.032    0.031    0.031    0.031    0.031    0.03    0.03    0.03    0.03    0.0    0.0    0.0    0.0    0.0    
0.0    0.0    0.0    0.0    0.0    0.029    0.03    0.03    0.03    0.03    0.031    0.031    0.031    0.031    0.032    0.032    0.032    0.032    0.033    0.033    0.033    0.033    0.034    0.034    0.034    0.034    0.034    0.035    0.035    0.035    0.035    0.035    0.035    0.035    0.034    0.034    0.034    0.034    0.034    0.033    0.033    0.033    0.033    0.032    0.032    0.032    0.032    0.031    0.031    0.031    0.031    0.03    0.03    0.03    0.03    0.029    0.0    0.0    0.0    0.0    0.0    
0.0    0.0    0.0    0.0    0.0    0.0    0.029    0.03    0.03    0.03    0.03    0.031    0.031    0.031    0.031    0.032    0.032    0.032    0.032    0.033    0.033    0.033    0.033    0.033    0.034    0.034    0.034    0.034    0.034    0.034    0.034    0.034    0.034    0.034    0.034    0.034    0.034    0.033    0.033    0.033    0.033    0.033    0.032    0.032    0.032    0.032    0.031    0.031    0.031    0.031    0.03    0.03    0.03    0.03    0.029    0.0    0.0    0.0    0.0    0.0    0.0    
0.0    0.0    0.0    0.0    0.0    0.0    0.0    0.029    0.03    0.03    0.03    0.03    0.031    0.031    0.031    0.031    0.031    0.032    0.032    0.032    0.032    0.033    0.033    0.033    0.033    0.033    0.033    0.033    0.033    0.034    0.034    0.034    0.033    0.033    0.033    0.033    0.033    0.033    0.033    0.033    0.032    0.032    0.032    0.032    0.031    0.031    0.031    0.031    0.031    0.03    0.03    0.03    0.03    0.029    0.0    0.0    0.0    0.0    0.0    0.0    0.0    
0.0    0.0    0.0    0.0    0.0    0.0    0.0    0.029    0.03    0.03    0.03    0.03    0.03    0.031    0.031    0.031    0.031    0.031    0.032    0.032    0.032    0.032    0.032    0.032    0.033    0.033    0.033    0.033    0.033    0.033    0.033    0.033    0.033    0.033    0.033    0.033    0.033    0.032    0.032    0.032    0.032    0.032    0.032    0.031    0.031    0.031    0.031    0.031    0.03    0.03    0.03    0.03    0.03    0.029    0.0    0.0    0.0    0.0    0.0    0.0    0.0    
0.0    0.0    0.0    0.0    0.0    0.0    0.0    0.0    0.029    0.03    0.03    0.03    0.03    0.03    0.031    0.031    0.031    0.031    0.031    0.031    0.032    0.032    0.032    0.032    0.032    0.032    0.032    0.032    0.033    0.033    0.033    0.033    0.033    0.032    0.032    0.032    0.032    0.032    0.032    0.032    0.032    0.031    0.031    0.031    0.031    0.031    0.031    0.03    0.03    0.03    0.03    0.03    0.029    0.0    0.0    0.0    0.0    0.0    0.0    0.0    0.0    
0.0    0.0    0.0    0.0    0.0    0.0    0.0    0.0    0.0    0.029    0.03    0.03    0.03    0.03    0.03    0.03    0.031    0.031    0.031    0.031    0.031    0.031    0.032    0.032    0.032    0.032    0.032    0.032    0.032    0.032    0.032    0.032    0.032    0.032    0.032    0.032    0.032    0.032    0.032    0.031    0.031    0.031    0.031    0.031    0.031    0.03    0.03    0.03    0.03    0.03    0.03    0.029    0.0    0.0    0.0    0.0    0.0    0.0    0.0    0.0    0.0    
0.0    0.0    0.0    0.0    0.0    0.0    0.0    0.0    0.0    0.0    0.029    0.029    0.03    0.03    0.03    0.03    0.03    0.031    0.031    0.031    0.031    0.031    0.031    0.031    0.031    0.032    0.032    0.032    0.032    0.032    0.032    0.032    0.032    0.032    0.032    0.032    0.031    0.031    0.031    0.031    0.031    0.031    0.031    0.031    0.03    0.03    0.03    0.03    0.03    0.029    0.029    0.0    0.0    0.0    0.0    0.0    0.0    0.0    0.0    0.0    0.0    
0.0    0.0    0.0    0.0    0.0    0.0    0.0    0.0    0.0    0.0    0.0    0.0    0.029    0.03    0.03    0.03    0.03    0.03    0.03    0.031    0.031    0.031    0.031    0.031    0.031    0.031    0.031    0.031    0.031    0.031    0.031    0.031    0.031    0.031    0.031    0.031    0.031    0.031    0.031    0.031    0.031    0.031    0.03    0.03    0.03    0.03    0.03    0.03    0.029    0.0    0.0    0.0    0.0    0.0    0.0    0.0    0.0    0.0    0.0    0.0    0.0    
0.0    0.0    0.0    0.0    0.0    0.0    0.0    0.0    0.0    0.0    0.0    0.0    0.0    0.029    0.03    0.03    0.03    0.03    0.03    0.03    0.03    0.03    0.031    0.031    0.031    0.031    0.031    0.031    0.031    0.031    0.031    0.031    0.031    0.031    0.031    0.031    0.031    0.031    0.031    0.03    0.03    0.03    0.03    0.03    0.03    0.03    0.03    0.029    0.0    0.0    0.0    0.0    0.0    0.0    0.0    0.0    0.0    0.0    0.0    0.0    0.0    
0.0    0.0    0.0    0.0    0.0    0.0    0.0    0.0    0.0    0.0    0.0    0.0    0.0    0.0    0.0    0.029    0.03    0.03    0.03    0.03    0.03    0.03    0.03    0.03    0.03    0.03    0.031    0.031    0.031    0.031    0.031    0.031    0.031    0.031    0.031    0.03    0.03    0.03    0.03    0.03    0.03    0.03    0.03    0.03    0.03    0.029    0.0    0.0    0.0    0.0    0.0    0.0    0.0    0.0    0.0    0.0    0.0    0.0    0.0    0.0    0.0    
0.0    0.0    0.0    0.0    0.0    0.0    0.0    0.0    0.0    0.0    0.0    0.0    0.0    0.0    0.0    0.0    0.029    0.029    0.03    0.03    0.03    0.03    0.03    0.03    0.03    0.03    0.03    0.03    0.03    0.03    0.03    0.03    0.03    0.03    0.03    0.03    0.03    0.03    0.03    0.03    0.03    0.03    0.03    0.029    0.029    0.0    0.0    0.0    0.0    0.0    0.0    0.0    0.0    0.0    0.0    0.0    0.0    0.0    0.0    0.0    0.0    
0.0    0.0    0.0    0.0    0.0    0.0    0.0    0.0    0.0    0.0    0.0    0.0    0.0    0.0    0.0    0.0    0.0    0.0    0.029    0.029    0.03    0.03    0.03    0.03    0.03    0.03    0.03    0.03    0.03    0.03    0.03    0.03    0.03    0.03    0.03    0.03    0.03    0.03    0.03    0.03    0.03    0.029    0.029    0.0    0.0    0.0    0.0    0.0    0.0    0.0    0.0    0.0    0.0    0.0    0.0    0.0    0.0    0.0    0.0    0.0    0.0    
0.0    0.0    0.0    0.0    0.0    0.0    0.0    0.0    0.0    0.0    0.0    0.0    0.0    0.0    0.0    0.0    0.0    0.0    0.0    0.0    0.0    0.029    0.029    0.029    0.03    0.03    0.03    0.03    0.03    0.03    0.03    0.03    0.03    0.03    0.03    0.03    0.03    0.029    0.029    0.029    0.0    0.0    0.0    0.0    0.0    0.0    0.0    0.0    0.0    0.0    0.0    0.0    0.0    0.0    0.0    0.0    0.0    0.0    0.0    0.0    0.0    
0.0    0.0    0.0    0.0    0.0    0.0    0.0    0.0    0.0    0.0    0.0    0.0    0.0    0.0    0.0    0.0    0.0    0.0    0.0    0.0    0.0    0.0    0.0    0.0    0.0    0.029    0.029    0.029    0.029    0.029    0.029    0.029    0.029    0.029    0.029    0.029    0.0    0.0    0.0    0.0    0.0    0.0    0.0    0.0    0.0    0.0    0.0    0.0    0.0    0.0    0.0    0.0    0.0    0.0    0.0    0.0    0.0    0.0    0.0    0.0    0.0    